0 0 0 0 0 0
1.15056 -8.67362e-16 -5.55112e-17 2.59812 0.284696 0.8
3.46493 0.000716132 -0.00556968 2.62724 2.51584 0.9
4.28802 -0.00414591 0.0770821 0.461975 1.89222 0.7
5.51403 -0.00414591 0.0770821 1.52858 2.56394 0.6
6.85501 0.0164845 -0.137475 2.53098 1.32313 0.7
8.27017 0.0164845 -0.137475 2.17198 1.39089 0.8
9.01922 0.0164845 -0.137475 0.250285 1.65094 0.8
11.1682 -0.0146704 0.12202 2.56251 2.25343 0.9
12.7323 -0.0146704 0.12202 1.05171 2.09135 1
15.007 0.0123705 -0.091146 2.23325 2.85073 0.9
16.9038 0.0123705 -0.091146 1.89508 2.87944 0.8
17.2239 4.33774e-05 0.138923 0.596308 1.55184 0.3
18.7148 0.0268975 -0.182486 2.11401 1.24274 0.9
19.1855 0.0132421 0.218254 0.328449 1.0438 0.7
20.0883 0.0377575 -0.157427 0.704756 1.92129 0.7
20.8792 0.0377575 -0.157427 1.97279 0.0169331 0.8
22.5263 0.0178858 0.0588851 2.82707 0.856227 0.9
23.3887 0.0302234 -0.083935 1.97972 1.47872 0.5
23.7508 0.025975 -0.0135704 2.18331 0.233199 0.3
