0.55 0.12 -0.05811946409141117
0.6152639254781086 0.10510032970130362 -0.3907844951489029
0.6720840997384094 0.06970473759083015 -0.7234495262063946
0.7142302361563211 0.017694322010249085 -1.0561145572638864
0.4577785612691776 0.4792428788002568 -1.0711625156316558
0.2083010227785489 0.9445981082927565 -1.0862104739994254
0.08215633671652897 1.2093437303780514 -1.1660798506594796
0.25112165150266175 0.8728995436232825 -1.044686231931275
0.45958546330417654 0.5593922748542195 -0.9232926132030705
0.7044795344597059 0.2734362252334336 -0.801898994474866
0.982199434993267 0.01924018818823542 -0.6805053757466615
1.0885860432920826 -0.03990586394970636 -0.3343003543475448
1.2087304963235834 -0.05944240188740903 0.011904667051571883
1.3283757889439414 -0.03705111200453935 0.3581096884506886
0.9709968879401555 -0.13865286691849216 0.19586803652881749
0.6018993903309271 -0.1811926452779804 0.03362638460694638
0.23077751838981514 -0.1635531540383316 -0.12861526731492476
-0.13262133609515636 -0.08619768853472759 -0.29085691923679585
-0.13739079233849705 -0.08445425874263861 -0.4100466776940393
-0.14191910342852732 -0.08215607272558215 -0.5292364361512827
-0.14614201540004737 -0.07933574033774597 -0.648426194608526
-0.14999960771459034 -0.0760332803710145 -0.7676159530657695
-0.15343714349622045 -0.07229555271278448 -0.8868057115230129
-0.15640584621432957 -0.06817559343281865 -1.0059954699802565
-0.1588635917927786 -0.06373186223384866 -1.1251852284375
-0.160775506324778 -0.05902741294414275 -1.2443749868947434
-0.162114460912299 -0.054128998822241516 -1.3635647453519868
-0.1628614566085466 -0.04910612536904039 -1.4827545038092302
-0.16300589400139628 -0.04403006408723618 -1.6019442622664737
-0.15642185711547546 -0.44338434644054203 -1.5066779651371984
-0.11188019237332739 -0.8403015071650907 -1.4114116680079232
-0.029784839467662014 -1.231181981743872 -1.3161453708786477
-0.005630821924311136 -1.4921643881250921 -1.6408723464827082
-0.026662177552446858 -1.820666555106676 -1.6285897318555198
-0.04365718270753453 -2.1494022565918236 -1.6163071172283314
-0.05661327351076721 -2.478321899274124 -1.604024502601143
-0.0655284953968872 -2.8073758620976625 -1.5917418879739547
-0.07040150340905307 -3.1365145037428923 -1.5794592733467663
-0.07123156240174096 -3.465688170115557 -1.567176658719578
-0.06801854715164903 -3.7948472018375443 -1.5548940440923895
-0.06076294237658883 -4.123941941738536 -1.5426114294652011
-0.0494658426623604 -4.452922742347326 -1.5303288148380128
-0.03412895229762224 -4.78173997338167 -1.5180462002108244
-0.014754585016781115 -5.110344029235551 -1.505763585583636
0.00865433634905963 -5.438685336462713 -1.4934809709564476
0.03609428031304046 -5.766714361255349 -1.4811983563292592
0.06756110726530834 -6.094381616916804 -1.4689157417020708
0.10305007009752125 -6.421637671327181 -1.4566331270748825
0.14255581491900043 -6.748433154400699 -1.444350512447694
0.1860723818644222 -7.074718765533703 -1.4320678978205057
0.1875906878711046 -6.959685997640509 -1.7359210231144289
0.22345713452733018 -6.850377073272206 -2.039774148408352
0.29038568991299085 -6.756806717836908 -2.343627273702275
0.28981809073249926 -6.757510231263186 -2.155720315581789
0.28939190128214387 -6.75830739029566 -1.9678133574613021
0.28912212566942547 -6.759170130748769 -1.7799063993408155
0.2890182614130905 -6.7600680796264365 -1.5919994412203289
0.28908396508057926 -6.760969624411085 -1.4040924830998422
0.30954017143177465 -7.06209632190969 -1.6018441403175292
0.2704367537815209 -7.361373228891785 -1.7995957975352161
0.17329790257674316 -7.647134996648278 -1.997347454752903
0.03001777842170139 -7.919435994558007 -2.112992892816073
-0.1593055085255416 -8.28268689240001 -1.9895132456618776
-0.3024471050583054 -8.666490234107167 -1.8660335985076824
-0.45964235466596837 -9.123589192679766 -1.938015258578753
-0.649304873267925 -9.568199059264993 -2.0099969186498234
-0.8704523754341875 -9.998017144869815 -2.081978578720894
-1.1219395111459047 -10.410817368947864 -2.153960238791965
-1.4024637977034904 -10.804461788543428 -2.2259418988630353
-1.710572365444164 -11.176911670960058 -2.297923558934106
-2.0446694823320075 -11.52623805260708 -2.369905219005177
-1.6425620289886829 -11.154746503530514 -2.4215943472884742
-1.8399282600793654 -11.344974269902897 -2.327625222875111
-2.018574500067072 -11.55288182919842 -2.2336560984617475
-2.1769244280243454 -11.776634667370123 -2.139686974048384
-2.3135808116035177 -12.014258456374987 -2.0457178496350203
-2.4430023941708368 -12.204245269326044 -2.2918867899779882
-2.5132188922336516 -12.294177100086525 -2.1755214053566627
-2.572519178533382 -12.39165308086593 -2.059156020735337
-2.600632583347938 -12.446171127299463 -2.034648818335545
-2.842688570843536 -12.951556722690059 -2.0002813351218456
-3.067236211307967 -13.464961103536806 -1.9659138519081465
-3.2740103122594815 -13.985777935337074 -1.9315463686944474
-3.4627666719025068 -14.513392129426931 -1.8971788854807483
-3.6332823675318373 -15.047180569405564 -1.8628114022670492
-3.7853560188060555 -15.586512847040515 -1.8284439190533501
-3.918808025579256 -16.130752006784633 -1.794076435839651
-4.033480780010191 -16.679255298025442 -1.759708952625952
-4.129238852698339 -17.23137493417854 -1.7253414694122529
-4.205969152627062 -17.786458857728505 -1.6909739861985538
-4.263581060724961 -18.343851510313822 -1.6566065029848547
-4.3020065368876965 -18.90289460694631 -1.6222390197711556
-4.321200200333866 -19.46292791345075 -1.5878715365574565
-4.32113938320006 -20.023290026206467 -1.5535040533437574
-4.301824157311779 -20.583319153270107 -1.5191365701300583
-4.263277334098606 -21.142353895956955 -1.4847690869163592
-4.247260178500564 -20.82603004271804 -1.7580077642967313
-4.146476800705247 -20.525763427588192 -2.031246441677103
-3.9684049269733515 -20.263832640571888 -2.304485119057475
-3.855333485461261 -20.109213921732792 -2.099947784823845
-3.9980807441245974 -20.328574736162576 -2.195437956604672
-4.161092668701875 -20.533325949123107 -2.2909281283854988
-4.2626271422562505 -20.677207249640333 -2.0797232331411557
-4.331742408598871 -20.839176869992052 -1.8685183378968124
-4.365366851555961 -21.012036566839864 -1.6573134426524692
-4.362006135819466 -21.188104120773662 -1.446108547408126
-4.321809618099676 -21.35955474900726 -1.2349036521637828
-4.246563709424013 -21.518768853866302 -1.0236987569194396
-4.13961248357428 -21.65867065245278 -0.8124938616750964
-4.0057090599770415 -21.773042638128604 -0.6012889664307532
-3.850804365879058 -21.856801898541423 -0.39008407118641014
-3.68178266562544 -21.906226010084964 -0.178879175942067
-3.506155610631154 -21.919118469606953 0.03232571930227617
-3.3317284070571525 -21.894906311259426 0.24353061454661934
-3.166252937345566 -21.834665570209687 0.4547355097909625
-2.6366825331954873 -21.575735771094706 0.45479055727469453
-2.1071263832816647 -21.31677682085384 0.45484560475842656
-1.5775844892087727 -21.057788720271795 0.4549006522421586
-1.0480568525814427 -20.79877147013336 0.4549556997258906
-0.5185434750042628 -20.53972507122342 0.45501074720962265
0.010955641918221848 -20.280649524326936 0.4550657946933547
0.5404404965815097 -20.021544830228972 0.45512084217708676
1.0699110873811424 -19.762410989714674 0.45517588966081873
1.5993674127127044 -19.503248003569272 0.45523093714455076
2.1288094709718237 -19.24405587257809 0.45528598462828285
2.6582372605541718 -18.984834597526543 0.4553410321120148
3.187650779855463 -18.725584179200123 0.45539607959574685
2.9891261571356336 -18.810076400779845 0.349362618960885
2.7827742804929763 -18.87308326024436 0.24332915832602317
2.5709130107513216 -18.913897028962545 0.13729569769116132
2.3559220933494367 -18.93205926363297 0.03126223705629949
2.1402164276962 -18.927365955777972 -0.07477122357856235
1.9262189416565318 -18.899869823282117 -0.1808046842134242
1.7163333758571708 -18.84987971823512 -0.286838144848286
1.5129172835143467 -18.77795715773076 -0.3928716054831479
1.318255549064535 -18.684910016589733 -0.4989050661180098
1.1345347230519862 -18.57178345285338 -0.6049385267528716
0.9638184615580742 -18.439848167978298 -0.7109719873877335
0.8080243460506564 -18.290586133599863 -0.8170054480225953
0.6689023440259987 -18.125673945189853 -0.9230389086574572
0.5480151523854931 -17.946963989589165 -1.0290723692923192
0.44672064434146685 -17.75646363795262 -1.135105829927181
0.36615661701834856 -17.55631269782241 -1.2411392905620429
0.21738891663553891 -17.08411824847948 -1.2900298025349957
0.09187561176767439 -16.605217593887524 -1.3389203145079485
0.1503699989146371 -16.77997940412457 -1.1566956784134061
0.23956584825591337 -16.94124745460363 -0.974471042318864
0.35650952539350966 -17.083681509599497 -0.7922464062243216
0.6571650602757573 -17.3517199936988 -0.6639668395299987
0.9896398815482191 -17.579093855066873 -0.5356872728356757
1.3484703992496825 -17.76206663768681 -0.4074077061413528
1.7277599177844112 -17.897631532638552 -0.27912813944702985
2.1212755368746383 -17.98356078927224 -0.15084857275270697
2.522550577396173 -18.018442324043857 -0.022569006058384054
2.924990848923744 -18.001702925416723 0.10571056063593884
3.3219830126815286 -17.9336176735005 0.23399012733026175
3.7070032591603264 -17.815305419633923 0.36226969402458464
4.032912177218475 -17.691554788820838 0.3635161501213083
4.358666592413696 -17.567398023087797 0.36476260621803186
4.684265998636796 -17.442835315331283 0.36600906231475544
5.00970989001941 -17.31786685907847 0.367255518411479
5.334997760934791 -17.19249284848693 0.36850197450820266
5.660129105998592 -17.06671347834431 0.3697484306049263
5.537972604066614 -17.118690869206276 0.4348369384321003
5.423543262395217 -17.20579918302487 0.8664763770870213
5.356051926790126 -17.332790726798102 1.2981158157419423
5.34787906013872 -17.476370449678342 1.7297552543968633
5.400523875211851 -17.610200401548557 2.1613946930517844
5.5043293223544465 -17.709731108946798 2.5930341317067054
5.6402535575381645 -17.75670487674745 3.0246735703616263
5.783362936553715 -17.742504939795065 -2.826872298163039
5.907405788133179 -17.66973610344527 -2.395232859508118
6.281976105251689 -17.32873387011312 -2.410908997938881
6.661845778889883 -16.993645110746606 -2.426585136369644
7.046921461285853 -16.66455216881218 -2.4422612748004062
7.437108525372449 -16.341535914386398 -2.4579374132311687
7.307939101035507 -16.450585979581323 -2.4229661214069487
7.478100737549856 -16.244792385471605 -2.1004331303459063
7.492227431252681 -16.22334276250905 -2.205952058032428
7.646049688028842 -15.945656067877586 -1.9473695502650286
7.67088315066005 -15.872001510097505 -1.8446065280697208
7.7847648226705815 -15.49942933624862 -1.8902749820885578
7.915536640516216 -15.132444606860943 -1.9359434361073948
8.062925912886564 -14.771812575093746 -1.981611890126232
8.226625297003327 -14.418285247173836 -2.027280344145069
8.406293439505356 -14.072599814278163 -2.0729487981639063
8.60155568825413 -13.73547711530942 -2.1186172521827435
8.81200487357534 -13.407620133770155 -2.164285706201581
9.037202157307513 -13.089712531869777 -2.209954160220418
9.276677947887203 -12.782417224921183 -2.2556226142392553
9.529932879562551 -12.486374998999757 -2.3012910682580925
9.796438853693358 -12.202203174747266 -2.3469595222769297
10.075640139966241 -11.930494320106925 -2.392627976295767
10.366954535228638 -11.67181501467392 -2.438296430314604
10.669774577525148 -11.426704668237997 -2.4839648843334414
10.98346881280469 -11.19567439598178 -2.5296333383522787
11.307383111657046 -10.979205952680255 -2.575301792371116
11.363421351500335 -10.926570830345893 -2.199696933192799
11.396244516091548 -10.857048313891829 -1.824092074014482
11.381750150310465 -10.913693061011644 -1.8185143117282658
11.367571959294954 -10.970417772691752 -1.8129365494420497
11.353710384147702 -11.02722068414971 -1.8073587871558336
11.340165856121041 -11.084100028170175 -1.8017810248696176
11.326938796603546 -11.141054035159888 -1.7962032625834015
11.373806880723636 -11.024992351722455 -2.11298048078446
11.657481924072938 -10.542925072559168 -2.092387167834827
11.9311701577641 -10.055118612374256 -2.0717938548851937
12.194755518950709 -9.561779835034336 -2.0512005419355606
12.448126229106956 -9.063117950493277 -2.0306072289859274
12.691174841429513 -8.559344426072629 -2.010013916036294
12.923798286402445 -8.050672896784771 -1.989420603086661
13.145897915505856 -7.537319074736811 -1.9688272901370278
13.357379543049724 -7.019500657653642 -1.9482339771873947
13.558153486115181 -6.497437236558971 -1.9276406642377615
13.748134602586308 -5.971350202653452 -1.9070473512881283
13.927242327256318 -5.441462653429418 -1.8864540383384951
13.910649402147321 -5.4988021045760345 -1.8185105816609732
13.95216564762274 -5.2700060996543545 -1.6820864685440877
13.962179590438597 -5.037689652850049 -1.545662355427202
13.940505144592247 -4.8061698288527275 -1.4092382423103162
13.887545079608266 -4.579748888956725 -1.2728141291934305
13.804283535996921 -4.362634343469894 -1.1363900160765448
13.904448871066748 -4.646049584799078 -1.3257614476548114
13.94947298685099 -4.9432534245541815 -1.5151328792330783
13.937746068768694 -5.243619489148072 -1.704504310811345
13.869687406868975 -5.536408341237338 -1.8938757423896118
13.906500338591727 -5.391453376114254 -1.7451235692955318
13.921423802218078 -5.242643349270457 -1.5963713962014519
13.914128191594388 -5.093264944132747 -1.447619223107372
13.884774640772132 -4.9466173975798515 -1.298867050013292
13.834011465130665 -4.805939631551769 -1.150114876919212
13.762959842399816 -4.674338716801257 -1.001362703825132
13.815267891046094 -4.772941342792974 -1.1647424519491547
13.850841264678435 -4.878739002946957 -1.3281222000731774
13.868732515623865 -4.988913922712081 -1.4915019481972003
13.868465135124737 -5.100531745273321 -1.6548816963212232
13.850046244491342 -5.210619684092608 -1.818261444445246
13.799199993186022 -5.532478053935947 -1.636695677053005
13.807307453109107 -5.858227068675225 -1.455129909660764
13.87410208613593 -6.177157513300425 -1.2735641422685229
13.991377666732491 -6.543185252670794 -1.2478955656752475
14.118008993790307 -6.906082448582281 -1.2222269890819721
14.253912637570346 -7.265610009973827 -1.1965584124886968
14.398999059363687 -7.621531065833196 -1.1708898358954216
14.553172670483168 -7.973611121256991 -1.1452212593021462
14.716331895241005 -8.321618211945191 -1.1195526827088709
14.88836923787088 -8.665323057028433 -1.0938841061155955
15.069171353350416 -9.004499210127332 -1.0682155295223201
15.258619122077372 -9.338923208544344 -1.0425469529290448
15.456587728350357 -9.668374720489844 -1.0168783763357696
15.662946742602367 -9.992636690245446 -0.9912097997424943
15.87756020733295 -10.311495481168917 -0.9655412231492191
16.100286726682402 -10.624741016446471 -0.9398726465559437
16.330979559588968 -10.932166917499696 -0.9142040699626686
16.56948671646766 -11.23357063995595 -0.8885354933693933
16.81565105934704 -11.52875360709262 -0.862866916776118
17.06931040539792 -11.817521340667342 -0.8371983401828428
17.330297633785875 -12.099683589047983 -0.8115297635895675
17.58918345231745 -12.347579287963297 -0.7159011408849104
17.87055624846814 -12.569623189396815 -0.6202725181802533
18.171844875160136 -12.763786285796536 -0.5246438954755963
18.53159983405664 -13.002820981948947 -0.6482716378483823
18.859132976760673 -13.284393808844081 -0.7718993802211682
19.14944471870387 -13.604206736827308 -0.8955271225939542
19.39810363626585 -13.957378025485095 -1.0191548649667401
19.601314109630053 -14.338516740299527 -1.1427826073395262
19.755974260499897 -14.741805041826135 -1.2664103497123123
19.85972330029305 -15.161086991303211 -1.390038092085098
19.91097756607376 -15.589962517131603 -1.513665834457884
19.90895469415771 -16.0218851078866 -1.6372935768306698
19.853685562394794 -16.450261740640386 -1.7609213192034556
19.79735445140987 -16.74947092291784 -1.7528482579035276
19.743440683917513 -17.049125114443207 -1.7447751966035996
19.69194777369171 -17.34920478556476 -1.7367021353036716
19.642879076729578 -17.649690378900576 -1.7286290740037435
19.596237791032646 -17.950562310613186 -1.7205560127038155
19.55202695639842 -18.251800971685906 -1.7124829514038875
19.510249454222286 -18.553386729200852 -1.7044098901039595
19.470908007309696 -18.855299927618482 -1.6963368288040315
19.434005179698726 -19.15752089005864 -1.6882637675041035
19.39954337649296 -19.46002991958296 -1.6801907062041754
19.367524843704754 -19.762807300478613 -1.6721176449042474
19.33795166810883 -20.065833299543236 -1.6640445836043194
19.31082577710629 -20.36908816737104 -1.6559715223043914
19.383381796544654 -20.00304186547966 -1.8769791808793126
19.534415105117432 -19.6618041026417 -2.097986839454234
19.75657855249492 -19.361974694920498 -2.3189944980291552
19.566607063455752 -19.5752364676907 -2.2780050132212124
19.3855341838021 -19.796103764108214 -2.23701552841327
19.213664098342417 -20.024205548618834 -2.196026043605327
19.051285532086897 -20.259158632432708 -2.1550365587973843
18.898671265217573 -20.500568317244205 -2.1140470739894415
18.756077674844168 -20.748029058286637 -2.0730575891814986
18.62374430431551 -21.001125145607983 -2.032068104373556
18.501893460810034 -21.25943140242313 -1.9910786195656132
18.390729841881353 -21.52251389936948 -1.9500891347576705
18.29044019158631 -21.78993068346604 -1.9090996499497277
18.176394050822573 -22.184670797471398 -1.7950046749134756
18.1080296246921 -22.589828279282997 -1.6809096998772235
18.086235893279607 -23.00013464420948 -1.5668147248409714
18.11129625241379 -23.410254453811664 -1.4527197498047193
18.182884828516144 -23.81485469553144 -1.3386247747684672
18.189030431689705 -23.896858819579457 -1.653362319760854
18.159401816330693 -24.392477720363242 -1.60765029737164
18.15245200431107 -24.888932803704236 -1.561938274982426
18.168195515352902 -25.38518686315594 -1.516226252593212
18.20659945771696 -25.880203112256027 -1.470514230203998
18.26758359692095 -26.372947350606683 -1.424802207814784
18.351020523367435 -26.8623901245521 -1.37909018542557
18.45673591853115 -27.34750887793894 -1.333378163036356
18.58450891914967 -27.827290088466363 -1.2876661406471421
18.734072578656466 -28.300731385162326 -1.2419541182579281
18.905114424892414 -28.766843642562215 -1.196242095868714
19.09727711293047 -29.22465304721464 -1.1505300734795
19.31015917164969 -29.67320313219701 -1.104818051090286
19.54331584249878 -30.111556775390255 -1.0591060287010723
19.796260008696866 -30.53879815733795 -1.0133940063118585
19.675865644964002 -30.40622971733306 -0.6535800217813486
19.51650368930924 -30.324541522385072 -0.2937660372508385
19.33858447649207 -30.304195814865057 0.06604794727967159
19.164895068071974 -30.347798377939366 0.4258619318101816
19.01768079202242 -30.449764799035613 0.7856759163406916
18.915796165051635 -30.597035695315206 1.1454899008712016
18.87229009418875 -30.77074929841538 1.5053038854017118
18.892734633734513 -30.948657181621083 1.865117869932222
18.97451134257845 -31.107973734416536 2.224931854462732
19.070356409963342 -31.286732078173472 1.9009889950899135
19.104316362127268 -31.48670093588327 1.577046135717095
19.072858532102444 -31.68707864755517 1.2531032763442767
18.9792553048578 -31.86702102237034 0.9291604169714582
18.83324370909611 -32.00780964516303 0.6052175575986399
18.650012527733512 -32.094799050157 0.28127469822582146
18.4486222923851 -32.118940208187375 -0.04266816114699697
18.25002252113661 -32.077721847414715 -0.3666110205198154
18.07487245544728 -31.97543168711686 -0.6905538798926338
17.94139199293295 -31.82271040984451 -1.0144967392654523
17.86346637166735 -31.635444769763083 -1.3384395986382707
17.849201765265214 -31.433114981029615 -1.662382458011089
17.90008204224326 -31.236768298298852 -1.9863253173839075
18.01081440734299 -31.066829586628565 -2.310268176756726
18.18882850190698 -30.854444543167688 -2.226492572638379
18.34844639889499 -30.627908560351624 -2.142716968520032
18.488548498786933 -30.388810617752398 -2.0589413644016847
18.608152090704127 -30.138827807643743 -1.975165760283338
18.706418245387148 -29.879713571459916 -1.891390156164991
18.782657699653733 -29.61328540072257 -1.8076145520466442
18.671783306683977 -30.059733723370602 -1.8208239197410088
18.55502145811443 -30.50467855874941 -1.8340332874353733
18.43239252711963 -30.94804227072269 -1.8472426551297378
18.30391791059116 -31.38974749903623 -1.8604520228241024
18.169620025404207 -31.829717172816096 -1.873661390518467
18.029522304506163 -32.26787452401636 -1.8868707582128315
17.883649192827928 -32.70414310081391 -1.900080125907196
17.732026143018643 -33.13844678094819 -1.9132894936015605
17.663832496663055 -33.2946122963476 -2.051739457721465
17.57473928573651 -33.4398722060613 -2.19018942184137
17.466451557683683 -33.571446555979485 -2.328639385961275
17.321541075620072 -33.75736686619643 -2.1370876099268776
17.59749244498015 -33.346750219181324 -2.1879336830763227
17.893956428517843 -32.95068924468044 -2.238779756225768
18.210166736145602 -32.570207667718314 -2.289625829375213
18.545306038144574 -32.20628894421914 -2.340471902524658
18.898508077770842 -31.85987371900311 -2.391317975674103
19.268859910326583 -31.531857394439484 -2.4421640488235483
19.65540426290868 -31.223087816040774 -2.4930101219729934
20.057142008735365 -30.934363080980336 -2.5438561951224385
20.473034749655387 -30.66642947519775 -2.5947022682718837
20.902007500164448 -30.419979544424137 -2.6455483414213288
21.342951465991423 -30.195650304113368 -2.696394414570774
21.79472691007232 -29.994021592906023 -2.747240487720219
22.256166098504142 -29.81561457388208 -2.798086560869664
22.726076318864013 -29.66089038747619 -2.8489326340191092
22.56424714228606 -29.734197716603212 -2.583574027892289
22.427307465431774 -29.847379746089697 -2.3182154217654687
22.324843471964417 -29.992513398074195 -2.0528568156386484
22.26402794542498 -30.159438886323795 -1.7874982095118281
22.24911815310354 -30.336470931413285 -1.5221396033850079
22.28115782469815 -30.51121676495373 -1.2567809972581876
22.35790408813935 -30.671443660147542 -0.9914223911313673
22.473984477289378 -30.805935258957334 -0.7260637850045469
22.224400691123762 -30.60651439978306 -0.622214689960763
22.067257784076343 -30.45565825620617 -0.9077640396287119
22.05609684669063 -30.431431244737297 -1.3704263694501895
22.056922581159174 -30.404769797465473 -1.833088699271667
22.069561364237384 -30.38127988962524 -2.2957510290931444
22.09135569934569 -30.36590063199597 -2.758413358914622
22.117722995688304 -30.361865747657895 3.062109618443487
22.14311912774227 -30.370023632478006 2.5994472886220095
22.162204172063223 -30.3886589669614 2.136784958800532
22.364027969280496 -30.71854494159266 2.102907388134969
22.55456236419099 -31.055077623122564 2.0690298174694064
22.733588703327616 -31.397870813365532 2.0351522468038437
22.90090153963831 -31.746531129701197 2.001274676138281
23.056308868252952 -32.100658456512434 1.9673971054727184
23.199632346824334 -32.459846404350074 1.9335195348071559
23.330707500190275 -32.82368277629728 1.8996419641415934
23.449383909122023 -33.191750040998556 1.8657643934760308
23.555525382942374 -33.56362581181034 1.831886822810468
23.649010115815358 -33.93888333152351 1.7980092521449056
23.729730826528193 -34.317091962101436 1.7641316814793429
23.797594881605068 -34.69781767887158 1.7302541108137803
23.852524401611454 -35.08062356860355 1.6963765401482178
23.894456350527005 -35.465070330901995 1.6624989694826553
23.850599934724144 -35.04034424923011 1.6848806047199263
23.797249232528365 -34.616706040100375 1.7072622399571973
23.73443096819654 -34.19436791096003 1.7296438751944683
23.662176608445378 -33.77354141802455 1.7520255104317393
23.58052234668922 -33.3544373603056 1.7744071456690103
23.498279651187104 -33.14992967626741 2.131901822092615
23.567342186603405 -33.24003180539799 2.3176358877959435
23.65185589461857 -33.31583062220616 2.503369953499272
23.74891366543139 -33.374718792468414 2.689104019202601
24.141320619108832 -33.5718449924538 2.663027298728999
24.528454340634717 -33.7791357005731 2.636950578255397
24.910051595795338 -33.99644996809589 2.610873857781795
25.28585291493504 -34.223640030704146 2.5847971373081933
25.655602769384394 -34.46055140896566 2.5587204168345914
26.019049745208637 -34.70702301337334 2.5326436963609895
26.375946714158314 -34.96288725387915 2.5065669758873876
26.563458475959216 -35.09257736994944 2.566435749638246
26.75839404249423 -35.21081573901666 2.626304523389104
26.96005492071627 -35.31717868940221 2.686173297139962
27.167718519443994 -35.41128510142315 2.74604207089082
27.38064073855025 -35.49279777302009 2.8059108446416783
27.598058635221374 -35.56142462801949 2.8657796183925366
27.81919315773357 -35.616919762700896 2.925648392143395
28.043251936950757 -35.65908432691905 2.985517165894253
28.26943212554136 -35.68776723662365 3.0453859396451115
28.476804043118833 -35.70840384380605 3.039422592452864
28.684049210953884 -35.73027670746813 3.033459245260617
28.891160259117303 -35.75338504978013 3.0274958980683695
29.09812982244936 -35.77772804897695 3.021532550876122
29.30495054082172 -35.80330483938735 3.015569203683875
29.511615059399197 -35.83011451146475 3.0096058564916275
29.718116028901278 -35.858156111819554 3.0036425092993797
29.92444610586349 -35.88742864325308 2.997679162107132
30.12034986804693 -35.905949589582356 3.0969843929788596
30.31712467389166 -35.90495697922189 -3.0868956833289993
30.512831617134918 -35.88446059278581 -2.9875904524572716
30.70554231362057 -35.84466238992973 -2.888285221585544
30.893357902492355 -35.785954519356 -2.788979990713816
31.074427756481487 -35.708915454804874 -2.6896747598420885
31.539164415541226 -35.47865854347167 -2.6734977431652265
32.00011555866239 -35.240914035341596 -2.657320726488364
32.45716055946586 -34.9957441458134 -2.6411437098115016
32.24558752747993 -35.13314731990043 -2.4900841279845816
32.615313465503476 -34.87384745329979 -2.56986522327641
33.00452865900453 -34.6448382324932 -2.649646318568238
33.410757058020934 -34.4475765334762 -2.7294274138600665
33.516003929785384 -34.40393119332729 -2.7675381882308243
33.31207187483927 -34.5142154154234 -2.524159178432024
33.095524641492574 -34.669402290275414 -2.515409948581046
33.28889109957578 -34.527245600906475 -2.4998946077603046
33.48002876298275 -34.38210599545261 -2.484379266939563
33.66889162086941 -34.234018412060685 -2.4688639261188214
33.85543420998509 -34.08301849851767 -2.45334858529808
34.039611625616466 -33.92914260366948 -2.4378332444773383
34.221379532397066 -33.77242776867107 -2.4223179036565967
34.40069417497974 -33.612911718069796 -2.406802562835855
34.57751238856948 -33.45063285072437 -2.3912872220151136
34.75179160931408 -33.28563023056143 -2.375771881194372
34.92348988455018 -33.11794357717205 -2.3602565403736304
35.09256588290211 -32.94761325625038 -2.344741199552889
35.25897890423124 -32.77468026987679 -2.3292258587321473
35.42268888943338 -32.599186246647804 -2.3137105179114057
35.5836564300818 -32.421173431655234 -2.298195177090664
35.7418427779137 -32.24068467631689 -2.2826798362699225
35.89720985415771 -32.057763428061335 -2.267164495449181
36.049720258700255 -31.872453719869213 -2.2516491546284394
36.19933727908855 -31.68480015967355 -2.236133813807698
36.34602489936807 -31.49484791962171 -2.2206184729869562
36.489747808752306 -31.3026427252015 -2.2051031321662147
36.376204208486904 -31.525487137478603 -1.878958061513735
36.42631947060659 -31.408686181370754 -2.073252847132317
36.64509927805832 -31.01459833638999 -2.0819244244539465
36.86728818024129 -30.622422450521267 -2.0905960017755763
37.09286946948725 -30.232188013737012 -2.099267579097206
37.321826183034744 -29.843924370020883 -2.1079391564188357
37.55414110430464 -29.457660715161207 -2.1166107337404654
37.789796764194755 -29.073426094555582 -2.125282311062095
38.02877544239345 -28.69124940102679 -2.133953888383725
38.27105916871213 -28.311159372650184 -2.1426254657053545
38.51662972443651 -27.93318459059269 -2.151297043026984
38.76546864369662 -27.557353476963634 -2.159968620348614
38.613320009323466 -27.811136699915124 -2.0617599964401316
38.70869933092744 -27.665316805743807 -2.2383226704030847
38.82820860296204 -27.538517001234787 -2.414885344366038
38.82373923406745 -27.54474894644092 -1.9710218094431275
38.94916346618984 -27.25679143996387 -1.992141279699321
39.080640785651646 -26.971546846663475 -2.0132607499555144
39.21811255153767 -26.689142390034075 -2.0343802202117076
39.36151744931702 -26.409704026825185 -2.055499690467901
39.51079151819033 -26.133356390862843 -2.076619160724094
39.665868179617284 -25.860222737461 -2.0977386309802872
39.82667826701166 -25.59042488844774 -2.1188581012364804
39.99315005659069 -25.324083177830865 -2.1399775714926736
40.16520929936501 -25.061316398127076 -2.161097041748867
40.34277925425479 -24.80224174737867 -2.18221651200506
40.52578072231753 -24.5469747768814 -2.2033359822612533
40.71413208207191 -24.295629339646815 -2.2244554525174465
40.90774932590233 -24.048317539622065 -2.2455749227736397
41.10654609752753 -23.805149681689798 -2.266694393029833
41.31043373051686 -23.566234222470484 -2.287813863286026
41.51932128783688 -23.331677721949088 -2.3089333335422193
41.73311560241067 -23.10158479594767 -2.3300528037984125
41.58818577012946 -23.243172031129806 -2.405667739312603
41.432974156883084 -23.37340626842951 -2.4812826748267933
41.26836778070188 -23.491543232890557 -2.5568976103409837
41.09530734969737 -23.596907784197505 -2.632512545855174
40.91478188601444 -23.68889777503151 -2.7081274813693645
40.56533658038959 -23.867204636515844 -2.631419063733145
40.23058309803693 -24.071766276439863 -2.5547106460969258
39.91249022347505 -24.30137960712559 -2.4780022284607064
39.612928755246514 -24.55469420447127 -2.401293810824487
39.3336605031968 -24.83022025019606 -2.3245853931882676
39.07632792674801 -25.126337293903212 -2.2478769755520482
38.842444475107825 -25.441303783429497 -2.171168557915829
38.633385686225864 -25.77326730743002 -2.0944601402796095
38.450381096847 -26.12027548995878 -2.01775172264339
38.29450701124107 -26.480287472970666 -1.9410433050071707
38.16668017113824 -26.851185919212977 -1.8643348873709513
38.067652364098954 -27.230789464913787 -1.787626469734732
38.085026192077585 -27.185201247625468 -2.082187972721947
38.11488690470293 -27.14662051025998 -2.3767494757091616
38.154662272651045 -27.118370633114225 -2.6713109786963765
38.259399236141455 -27.047374691656625 -2.4204644456246256
38.343235306325134 -26.95260249868421 -2.1696179125528747
38.454379403405596 -26.823441701316185 -2.39310241018563
38.47352228249263 -26.80850152598693 -2.564663379859774
38.749671643368764 -26.63742888422909 -2.609262846826126
39.03317362318244 -26.47883838731321 -2.6538623137924775
39.32346439808337 -26.333045437285698 -2.698461780758829
39.61996664278258 -26.200339984652317 -2.743061247725181
39.92209067872707 -26.08098595172962 -2.7876607146915324
40.229235646842326 -25.975220707760805 -2.832260181657884
40.54079070251046 -25.883254596839844 -2.8768596486242357
40.85613623040751 -25.80527051958278 -2.9214591155905874
41.17464507678366 -25.741423569378135 -2.966058582556939
41.49568379673586 -25.691840723939848 -3.0106580495232906
41.81861391399208 -25.656620592776196 -3.0552575164896423
42.14279319070196 -25.635833221076897 -3.099856983455994
42.467576904708324 -25.62951995040844 3.138728856757241
42.79231913175955 -25.637693336494703 3.0941293897908895
43.11637403011253 -25.660337124246333 3.049529922824538
43.439097124971646 -25.697406280088593 3.004930455858186
43.759846590209094 -25.74882708152336 2.9603309888918345
44.077984524817644 -25.814497263747157 2.915731521925483
44.39287822155717 -25.894286223033635 2.8711320549591313
44.70390142527188 -25.988035276476005 2.8265325879927796
45.05256369368372 -26.064263324754673 3.0261662750770655
45.40941808854016 -26.069834108372497 -3.057385345018235
45.19442795920269 -26.116651015904804 -2.79696869850764
45.174548057829426 -26.125777097198338 -2.62549020397949
45.212224893416405 -26.114299980660288 -3.066315320327741
45.251196943139306 -26.119996249989576 2.7760448705035943
45.28401274373777 -26.141776777415654 2.335219754155343
45.30439790794559 -26.17547712198505 1.8943946378070917
45.38891721899462 -26.403861367908306 1.9560898751004154
45.48735701137522 -26.626599970315254 2.017785112393739
45.59934271231282 -26.842845387634675 2.0794803496870626
45.72444820556219 -27.05177478548229 2.141175586980386
45.86219745282026 -27.252593167623893 2.20287082427371
45.82621872651062 -27.16402874851361 1.7104761398193864
45.78435342483194 -26.8746905167404 1.7185085493879144
45.740165415522306 -26.585697894544705 1.7265409589564424
45.69365754955923 -26.29706952751566 1.7345733685249705
45.644832827595636 -26.008824037740933 1.7426057780934985
45.59369439976629 -25.72098002260524 1.7506381876620265
45.54024556548455 -25.433556053590447 1.7586705972305545
45.484489773229456 -25.14657067507736 1.7667030067990825
45.42643062032328 -24.860042403149247 1.7747354163676106
45.366071852699406 -24.5739897243972 1.7827678259361388
45.30341736466065 -24.2884310947274 1.7908002355046668
45.238471198628005 -24.00338493817034 1.7988326450731948
45.17123754487981 -23.718869645692127 1.8068650546417229
45.101720741281426 -23.434903574007926 1.814897464210251
45.02992527300535 -23.15150504439757 1.8229298737787791
44.955855772241804 -22.868692341523506 1.8309622833473072
44.87951701789993 -22.586483712251077 1.8389946929158354
44.80091393529939 -22.30489736447124 1.8470271024843634
44.72005159585265 -22.02395146592582 1.8550595120528914
44.63693521673773 -21.74366414303533 1.8630919216214195
44.51935307772172 -21.384023063932343 1.9104773029172437
44.38486756909863 -21.030355263356252 1.957862684213068
44.23378060468259 -20.683454709338985 2.005248065508892
44.06643136779646 -20.34410017775355 2.0526334468047165
43.88319554982079 -20.013053503997828 2.1000188281005405
43.68448450678387 -19.691057872708956 2.1474042093963646
43.47074433588624 -19.378836149347826 2.1947895906921886
43.24245487403292 -19.077089257399184 2.2421749719880126
43.0001286206215 -18.78649460483048 2.2895603532838367
42.744309587004416 -18.507704563341978 2.3369457345796607
42.47557207520837 -18.241345003822126 2.3843311158754847
42.19451938865255 -17.988013891296053 2.4317164971713088
42.46924933967791 -18.25591601496159 2.305836742276007
42.70817105528582 -18.556190069228474 2.1799569873807054
42.907503647145305 -18.884084277285705 2.0540772324854037
42.87162227531009 -18.836749552643372 2.384762669788533
42.872678159350855 -18.83857644145101 1.8049545155680606
42.87256059229502 -18.84068323802648 1.2251463613475884
42.871308002634656 -18.842381305447336 0.6453382071271161
43.130302342097735 -18.61910199453011 0.7776169393902581
43.357585038827565 -18.36361364973762 0.9098956716534001
43.54918497230249 -18.08038020529648 1.0421744039165421
43.701754477087725 -17.774350362360895 1.1744531361796842
43.81262783379437 -17.450871124495173 1.3067318684428262
43.87986784496545 -17.115594373951232 1.4390106007059682
43.90229968210729 -16.774378121055754 1.5712893329691102
43.87953141248548 -16.43318415209379 1.7035680652322522
43.81196084703784 -16.097973864001858 1.8358467974953943
43.700768589756535 -15.77460410586378 1.9681255297585363
43.54789740998166 -15.46872484708374 2.1004042620216783
43.42075351688145 -15.202583579217091 1.9325365964984345
43.33986383138665 -14.918940136150097 1.7646689309751906
43.30750244092389 -14.625768711175454 1.5968012654519468
43.324579135545 -14.331311361946124 1.428933599928703
43.3906138305978 -14.043846297871148 1.261065934405459
43.50375006355778 -13.771455151161183 1.0931982688822153
43.68869388569102 -13.355537425570953 1.2115783419073505
43.82322188092906 -12.920688037503503 1.3299584149324857
43.905450995853265 -12.472993784174086 1.4483384879576209
43.93423022976899 -12.018721258589911 1.566718560982756
43.90475538236617 -12.229949704201104 1.2975843016335749
43.8201765847667 -12.425736960837913 1.0284500422843936
43.68658326420439 -12.591986915923247 0.7593157829352124
43.513593750894096 -12.71673005661406 0.4901815235860312
43.313662786253445 -12.790985239884993 0.22104726423684992
43.10118481777424 -12.809406308683746 -0.04808699511233133
42.89145764070262 -12.770666999677157 -0.3172212544615126
42.69958100131043 -12.677556430350684 -0.5863555138106938
42.53936945911624 -12.53677829066806 -0.8554897731598751
42.422357778811644 -12.358468196907117 -1.1246240325090564
42.35697046077907 -12.155463956790694 -1.3937582918582376
42.34791520158636 -11.942381284699103 -1.6628925512074189
42.39584395353721 -11.734561512778397 -1.9320268105566
42.49730598600295 -11.546967059681668 -2.201161069905781
42.51915739293628 -11.516558632640482 -2.186628569881423
42.54056459755993 -11.485835872180425 -2.1720960698570657
42.561523078889785 -11.454805266636365 -2.157563569832708
42.58202841070752 -11.423473369356925 -2.14303106980835
42.602076262495395 -11.391846797320481 -2.128498569783992
42.62166240035079 -11.359932229737725 -2.113966069759634
42.64078268788039 -11.32773640664108 -2.099433569735276
42.65943308707372 -11.295266127461277 -2.0849010697109183
42.67760965915597 -11.262528249591385 -2.070368569686561
42.44392781002724 -11.678374992079837 -2.0951554015067377
42.6713148468493 -11.248560753184874 -2.019648005156634
42.865630659079535 -10.802818103678595 -1.9441406088065303
43.025767907239654 -10.343687178752734 -1.8686332124564267
43.15081402382011 -9.873784408810144 -1.793125816106323
43.24005641369081 -9.39578760932113 -1.7176184197562194
43.292986514937475 -8.912420720867246 -1.6421110234061158
43.30930269698241 -8.426438286333806 -1.5666036270560122
43.28891197947415 -7.940609753710339 -1.4910962307059086
43.231930562150794 -7.4577036939519274 -1.415588834355805
43.13868316265733 -6.980472023838471 -1.3400814380057013
43.009701166090636 -6.511634323740409 -1.2645740416555977
42.84571959681721 -6.053862339658597 -1.189066645305494
42.64767292982026 -5.6097647578559355 -1.1135592489553905
42.51325161539625 -5.393337502173142 -0.9164646269574596
42.454416309081175 -5.293896717829765 -1.156596309951443
42.420919238665995 -5.183316388956969 -1.3967279929454264
42.41468268947413 -5.06794235238811 -1.6368596759394098
42.43606455629552 -4.95439553987782 -1.8769913589333933
42.48383780499649 -4.849192024876799 -2.117123041927377
42.555260887922536 -4.758369086775488 -2.3572547249213605
42.64623507218866 -4.6871387515444365 -2.597386407915344
42.75153965231058 -4.639588690920282 -2.8375180909093274
42.865131549107126 -4.618447644537033 -3.077649773903311
42.98049210189053 -4.624928826645381 2.9654038502822924
43.09100115269572 -4.6586603037869425 2.725272167288309
43.190316955100265 -4.71770633881687 2.4851404842943254
43.27274010593313 -4.7986784764124515 2.245008801300342
43.33354061504319 -4.896929995240268 2.0048771183063585
43.3692293436828 -5.006822567819599 1.764745435312375
43.377758234561426 -5.1220498253604925 1.5246137523183916
43.358637843033385 -5.235999259267947 1.2844820693244081
43.31296542469615 -5.342131690990037 1.0443503863304247
43.24336196754558 -5.43435653369906 0.8042187033364413
43.1538217822029 -5.507381310787478 0.5640870203424578
43.05193588357098 -5.594001006128411 0.8450911970584688
42.97806763434074 -5.70547831196529 1.1260953737744799
42.93801163761112 -5.833068378533914 1.4070995504904908
42.93491009053988 -5.966762388746617 1.6881037272065018
42.96900629433502 -6.096072700971706 1.969107903922513
43.03762556846421 -6.21085555325798 2.250112080638524
43.13538506626926 -6.3021067918791305 2.531116257354535
43.254616032976166 -6.3626682031830715 2.812120434070546
43.38596538202382 -6.387789040465034 3.093124610786557
43.51912939898869 -6.3754986968258605 -2.9090565196770184
43.96052435610919 -6.273239277164826 -2.9188147447031065
44.402896152521706 -6.175291889146655 -2.9285729697291947
44.846202664610544 -6.081665859537122 -2.938331194755283
45.086401260051275 -5.994931123414232 -2.6518032366142097
45.292293913570944 -5.843846726706172 -2.3652752784731366
45.447092523537144 -5.64073180836057 -2.0787473203320634
45.53817510100446 -5.402147978682367 -1.7922193621909903
45.55811494307057 -5.147548916625206 -1.5056914040499172
45.505286192331546 -4.897694153217819 -1.219163445908844
45.38399640625171 -4.672956378256163 -0.9326354877677709
45.261744680378094 -4.478267031144084 -1.087546878292887
45.17099600980101 -4.267046518062382 -1.2424582688180033
45.11392378771338 -4.04435348309275 -1.3973696593431193
45.0918948702708 -3.815521332479438 -1.5522810498682353
45.10543684095093 -3.5860305017517073 -1.7071924403933516
45.15422537514706 -3.361377201555608 -1.8621038309184677
45.23709200760851 -3.1469417856782296 -2.0170152214435837
45.35205211670098 -2.9478598937958864 -2.1719266119686997
45.1979452724738 -3.1076319784950175 -2.504368034710571
45.00013412533103 -3.2083632474874637 -2.836809457452442
44.780279629342225 -3.239023304243357 3.113934426985274
44.562456555865744 -3.196254774364176 2.7814930042434027
44.370517228989556 -3.0847409488308206 2.4490515815015317
44.22547961966049 -2.916692948643739 2.1166101587596606
44.14322581055899 -2.710512567969288 1.7841687360177898
44.13276285718586 -2.488777218749821 1.451727313275919
44.19523648644133 -2.2757676317955795 1.1192858905340481
44.32380563586049 -2.094809039005954 0.7868444677921772
44.124326251716504 -2.259297832710678 0.5922681369252236
44.06588430046929 -2.2991734131529054 0.6052422075773705
44.007964601902074 -2.339803846316586 0.6182162782295174
43.693335288400554 -2.523973002233727 0.44094350446429176
43.351159307725894 -2.649772370892729 0.26367073069906616
42.99216162704019 -2.713258969226167 0.08639795693384057
42.62759446319697 -2.7124429098053073 -0.09087481683138503
42.268884599727 -2.647349770727343 -0.2681475905966106
41.92727523230652 -2.5200197939102265 -0.4454203643618362
41.61347356849763 -2.3344439369232797 -0.6226931381270618
41.33731522719189 -2.0964387827082342 -0.7999659118922874
41.107455956627966 -1.8134642279484645 -0.9772386856575128
40.93110033359656 -1.494389664357331 -1.1545114594227386
40.81377594732861 -1.1492159815648624 -1.3317842331879641
40.7591601459172 -0.7887621049844358 -1.5090570069531897
40.768964775633705 -0.42432589363629053 -1.6863297807184152
40.842882525802665 -0.06733002655149223 -1.8636025544836408
40.978596560970885 0.27103602311074276 -2.0408753282488665
41.171853138465536 0.5801667044749855 -2.218148102014092
41.05438551074698 0.39158753043030714 -2.037632792049205
40.97268342982414 0.18498279084751124 -1.8571174820843184
40.97203634604887 0.18129398297384916 -1.6317778552834388
40.97222983936317 0.1775538517892079 -1.4064382284825594
40.97325412607868 0.17395151120766203 -1.1810986016816798
40.975057414731296 0.17066910797582927 -0.9557589748808003
40.97754852483605 0.16787261170603016 -0.7304193480799208
40.980601497286415 0.16570342288107354 -0.5050797212790413
40.98406196328057 0.16427122315884854 -0.2797400944781618
40.98775494973965 0.16364842948994737 -0.05440046767728227
40.991493726549294 0.16386653246723223 0.17093915912359722
40.99508924827728 0.16491450405300354 0.39627878592447674
40.998359712961715 0.16673935519456762 0.6216184127253562
41.001139754644356 0.16924881513324047 0.8469580395262356
41.00328880484299 0.17231599693169627 1.072297666327115
40.938079780212284 0.06778677113506837 0.9537722567141261
40.92162372030688 0.05203743660822967 0.5731424793182267
40.90049444612748 0.04352878111513116 0.1925127019223272
40.87771636588704 0.04347871906854647 -0.18811707547357231
40.85654989508159 0.051894416264307616 -0.5687468528694718
40.840024766185614 0.06757126418153021 -0.9493766302653712
40.830506357921 0.08826530558857731 -1.3300064076612708
40.82935711898738 0.11101443074806211 -1.7106361850571703
40.836741549482575 0.13256236874477348 -2.0912659624530696
40.851602654639606 0.14982478454210854 -2.471895739848969
40.87181324125208 0.16033076543054242 -2.8525255172448687
40.89448040047606 0.16257650325204986 3.0500300125388184
40.55434749415725 0.19012996434479937 3.071492453008447
40.21370160450292 0.21037755779893225 3.0929548934780753
39.87269963936938 0.22330995719490057 3.1144173339477037
39.53149867062795 0.22892120562810725 3.135879774417332
39.19025586181471 0.22720871845276736 -3.1258430922926257
38.849128395738084 0.21817328447244425 -3.1043806518229973
38.508273402077464 0.20181906557671211 -3.082918211353369
38.16784788500636 0.17815359482411175 -3.0614557708837404
37.82800865087334 0.1471877729722832 -3.039993330414112
37.488912235974134 0.10893586345687323 -3.0185308899444836
37.15071483444803 0.0634154858215307 -2.997068449474855
36.81357222633199 0.010647607602015732 -2.9756060090052268
36.477639705805444 -0.049343465331838664 -2.9541435685355983
36.14307200965888 -0.11653009997186403 -2.93268112806597
35.81002324601919 -0.19088134889983588 -2.9112186875963415
35.47864682336461 -0.2723629645424323 -2.889756247126713
35.1490953798619 -0.3609374149463056 -2.8682938066570847
34.82152071305833 -0.4565639010660007 -2.8468313661874562
34.496073709960925 -0.5591983755567571 -2.825368925717828
34.849681497731666 -0.4345730517799219 -2.780123646882387
35.19729062190374 -0.29408164388989577 -2.734878368046946
35.53818960097077 -0.13801170774056262 -2.689633089211505
35.77498485157456 -0.013450062708571853 -2.6250424213290278
35.70865095252136 -0.036711454718991635 -2.983597487276938
35.63837264319799 -0.03521554011207544 2.9410327539547385
35.57308864151022 -0.009152584686916713 2.5824776880068283
35.63872878998348 -0.06343360539180039 2.31879099553329
35.68795223749804 -0.13294698910413313 2.055104303059751
35.70634704050492 -0.15538089056916196 2.460070544657905
35.73209267468597 -0.1687529148444975 2.8650367862560593
35.61701089441955 -0.13386545354605547 2.829453459484451
35.50324311317425 -0.094905948214741 2.7938701327128426
35.39093336546067 -0.051923723125161234 2.758286805941234
35.28022383986129 -0.004973195474236795 2.722703479169626
35.17125469901411 0.04588619351312172 2.6871201523980175
35.064163902161205 0.10059005383895539 2.651536825626409
34.95908703048685 0.15906912825254102 2.6159534988548008
34.856157115466395 0.22124937993280974 2.5803701720831924
34.755504470443164 0.2870520862218906 2.544786845311584
34.657256525646595 0.3563939382911089 2.5092035185399757
34.561537666860524 0.4291871466132583 2.4736201917683673
34.68141398793565 0.3695710233420378 2.886572774752467
34.8151383654965 0.36307445852979114 -2.983659949443019
34.9402290303884 0.4107896559547025 -2.5707073664589193
35.03565571496083 0.5046947270632939 -2.1577547834748194
35.239780731690516 0.7607830800061811 -2.3297637911698654
35.484726061416616 0.9781538517609571 -2.5017727988649114
35.763262333560604 1.150391513345246 -2.6737818065599575
36.067168767048024 1.272412604361726 -2.8457908142550035
36.38747580025736 1.3406157673714107 -3.0177998219500495
36.714729820643456 1.352988039152768 3.0933764775344907
37.03927218074677 1.3091642617429753 2.9213674698394447
37.351524265648465 1.2104378597907106 2.7493584621443987
37.64227019832734 1.0597226661353076 2.5773494544493527
37.902928839090364 0.8614669223005693 2.4053404467543067
38.059072505454864 0.7234097835388795 2.429847611131859
38.21855233446226 0.589220356799719 2.4543547755094113
38.38127254714478 0.45897923236750543 2.4788619398869636
38.54713541845405 0.332764629290609 2.503369104264516
38.71604133595189 0.2106523484052567 2.527876268642068
38.88788885963473 0.09271572681174457 2.5523834330196205
39.06257478285544 -0.020974406169701143 2.5768905973971727
39.23999419430636 -0.13034977153696298 2.601397761774725
39.42004054102592 -0.235344681612424 2.6259049261522773
39.60260569239128 -0.33589607949308514 2.6504120905298296
39.78758000505848 -0.43194357692071533 2.674919254907382
39.974852388811016 -0.523429490549291 2.699426419284934
40.164310373277445 -0.6102988765879435 2.7239335836624865
40.3558401754778 -0.692499563798609 2.748440748040039
40.54932676815838 -0.7699821848285637 2.772947912417591
40.74465394887378 -0.8427002058590265 2.7974550767951434
40.94170440977471 -0.9106099545520229 2.8219622411726957
41.140359808059685 -0.9736706462787271 2.846469405550248
41.01820197633006 -0.9335140403358138 2.8015171993718644
40.89797206618907 -0.887908584946936 2.756564993193481
40.77991298540937 -0.8369464195770285 2.7116127870150972
40.66426325590552 -0.7807305061767843 2.6666605808367136
40.5512565318337 -0.7193744211623873 2.62170837465833
40.44112112752608 -0.6530021259501964 2.5767561684799465
40.33407955621351 -0.5817477165099849 2.531803962301563
40.23034808046858 -0.5057551524427274 2.4868517561231793
40.13013627527723 -0.4251779661302947 2.4418995499447957
40.033646604621715 -0.3401789525446796 2.396947343766412
39.860352667646275 -0.22133458707400588 2.6839786963856826
39.660502851758785 -0.15641291976398408 2.971010049004953
39.450449451195595 -0.15072603059553755 -3.025143905555363
39.24737964722129 -0.20473923741026107 -2.7381125529360926
39.067909202879505 -0.3140330222488296 -2.451081200316822
38.92672291284755 -0.46966464918753587 -2.1640498476975516
38.835373050748935 -0.6588998850479288 -1.8770184950782811
38.80133412846574 -0.8662549514590834 -1.5899871424590106
38.82739130979806 -1.0747634527188408 -1.3029557898397401
38.91141252024673 -1.2673646157249778 -1.0159244372204697
39.04652289956106 -1.4282992521402365 -0.7288930846011992
39.2216673228358 -1.544399221099468 -0.4418617319819287
39.42251496304203 -1.606164884863101 -0.15483037936265817
39.632631881050315 -1.6085423968559942 0.13220097325661234
39.83482569841363 -1.5513372221195558 0.4192323258758828