39.120000000000005 -1.1400000000000006 0.0
38.926107167785545 -1.1404231484065477 0.004364758923042622
38.73221802944092 -1.141692585564754 0.008729517846085244
38.538336278765605 -1.1438082872904578 0.013094276769127867
38.344465609418315 -1.1467702132772346 0.017459035692170492
38.15060971484666 -1.1505783070971651 0.021823794615213117
37.956772288216776 -1.1552324962019107 0.026188553538255742
37.76295702234297 -1.1607326919240946 0.030553312461298363
37.569167609617345 -1.167078789478992 0.034918071384340985
37.37540774193949 -1.174270667966526 0.0392828303073836
37.181681110646124 -1.1823081903735706 0.04364758923042623
36.98799140644078 -1.1911912035765615 0.04801234815346885
36.794342319323476 -1.2009195383444127 0.05237710707651148
36.600737538520455 -1.211493009341741 0.056741865999554095
36.40718075241385 -1.2229114151323968 0.06110662492259672
36.21367564847146 -1.235174538183301 0.06547138384563933
36.02022591317647 -1.2482821448685901 0.06983614276868196
36.27822908541528 -1.248655727840568 -0.07273209716836383
36.533561567140495 -1.285684098390385 -0.21530033710540963
36.78104233074723 -1.3586159027980378 -0.3578685770424554
37.01564967018675 -1.465971260049737 -0.5004368169795012
37.23262309790287 -1.6055717905453106 -0.643005056916547
37.427559941306015 -1.7745848182489297 -0.7855732968535928
37.596504678716954 -1.9695808493641207 -0.9281415367906386
37.736029202037926 -2.1866031612161136 -1.0707097767276843
37.84330237751737 -2.4212480892927393 -1.2132780166647301
37.916147493129984 -2.6687543833155645 -1.355846256601776
37.9530864268902 -2.9240998191905514 -1.4984144965388217
37.95336963986661 -3.1821031064563123 -1.6409827364758676
37.916991385300165 -3.4375290233955056 -1.7835509764129134
37.841287868486305 -3.8485013311115917 -1.7223693161865306
37.79085427857866 -4.263333481717713 -1.6611876559601477
37.76587933948621 -4.680473161662934 -1.600005995733765
37.766456508132045 -5.098359422556764 -1.538824335507382
37.79258362473488 -5.515428522281851 -1.4776426752809992
37.844162920891065 -5.930119776560868 -1.4164610150546164
37.92100138542667 -6.340881399080892 -1.3552793548282336
38.02281148665073 -6.746176308321336 -1.2940976946018508
38.149212248306895 -7.144487879356141 -1.232916034375468
38.29973067519727 -7.534325619106822 -1.171734374149085
38.47380352314373 -7.9142307438094 -1.1105527139227025
38.25457903888019 -7.451737732768995 -1.1457658432087834
38.05177291661857 -6.9818134446809665 -1.1809789724948643
37.865636602761946 -6.505040508761041 -1.2161921017809452
37.696400875878936 -6.0220100454275 -1.251405231067026
37.54427556057602 -5.533320933408595 -1.286618360353107
37.602061602682284 -5.654789335468836 -0.9668883504985235
37.91483987929135 -6.120761610749145 -0.992382968402352
38.21563801406557 -6.594555757784332 -1.0178775863061802
38.299365530155875 -6.751992331482631 -1.146162282883641
38.362263687646355 -6.918846739493971 -1.274446979461102
38.403298792651896 -7.092376828659212 -1.402731676038563
38.42179645757814 -7.269730734961804 -1.5310163726160242
38.417452684281315 -7.4479937522201745 -1.6593010691934853
38.43392048451879 -6.975669850943365 -1.5519943129394487
38.39970723072206 -6.504298967851666 -1.444687556685412
38.31520650173033 -6.0393036098513155 -1.3373808004313754
38.18139036816353 -5.5860329417519585 -1.2300740441773388
37.999798210018284 -5.149701251105771 -1.1227672879233022
37.77251900810989 -4.735327964633429 -1.0154605316692655
37.50216731307395 -4.347679906269662 -0.9081537754152289
37.19185316837311 -3.991216461074235 -0.8008470191611922
36.845146333305415 -3.670038275825996 -0.6935402629071554
36.46603521758185 -3.3878400864327274 -0.5862335066531187
36.05888099987717 -3.1478682148158756 -0.47892675039908195
35.62836745816027 -2.952883224213056 -0.3716199941450452
35.179447088940655 -2.805128162500331 -0.2643132378910085
34.7172841352587 -2.7063027588534045 -0.15700648163697187
34.24719517880845 -2.657543870581478 -0.04969972538293519
33.774587979602934 -2.659412405067419 0.057607030871101486
33.30489926675199 -2.711886867260264 0.16491378712513818
32.84353219598834 -2.8143636069477314 0.27222054337917484
32.39579419341161 -2.9656637629641946 0.37952729963321147
31.966835900476855 -3.164046824450067 0.4868340558872481
31.925615098044666 -3.1853646145744516 0.4677298282225429
31.883994582449795 -3.2058910709310164 0.44862560055783773
31.84198954353286 -3.2256187021757423 0.4295213728931325
31.79961531147028 -3.244540308504154 0.41041714522842737
31.756887351179344 -3.2626489842789637 0.39131291756372216
31.71382125667415 -3.2799381205503555 0.372208689899017
31.670432745374402 -3.2964014074679904 0.3531044622343118
31.62673765236916 -3.312032836583852 0.3340002345696066
31.58275192463768 -3.326826703045091 0.3148960069049014
31.538491615229383 -3.340777607676073 0.2957917792401962
31.493972877405135 -3.3538804589488618 0.27668755157549096
31.449211958741945 -3.3661304748414262 0.2575833239107858
31.404225195203235 -3.3775231845828895 0.2384790962460806
31.359029005176875 -3.3880544302851825 0.21937486858137542
31.313639883483106 -3.397720368460509 0.2002706409166702
31.268074395354596 -3.4065174714240665 0.18116641325196503
31.222349170390775 -3.4144425285815116 0.16206218558725985
31.176480896488695 -3.4214926476006995 0.14295795792255464
30.639510607331147 -3.502512987469361 0.15655122593526036
30.10369122454975 -3.590824798378972 0.17014449394796613
29.569121753683397 -3.686411762595029 0.18373776196067185
29.035900969319652 -3.789256218123196 0.19733102997337756
29.03390940555228 -3.790004311456401 0.5213167064078359
29.032259608205475 -3.791347493718483 0.8453023828422942
29.031123241592564 -3.7931460044345346 1.1692880592767525
29.03061854665669 -3.7952127054038094 1.4932737357112107
29.0307980377929 -3.797332552758389 1.8172594121456689
29.096631900530138 -4.211215612844433 1.6398180743610897
29.088376887376953 -4.630220552751989 1.4623767365765106
29.006292229718834 -5.041189400581412 1.2849353987919314
28.85295562417935 -5.431216541061049 1.1074940610073523
28.633182285460556 -5.78805398934456 0.9300527232227731
28.663117090559332 -5.744615288997726 1.0047565589431908
28.68972638633218 -5.69906357528027 1.0794603946636085
28.712861744311525 -5.651652938759639 1.1541642303840263
28.732394113891864 -5.602647839201523 1.228868066104444
28.733757365030566 -5.600663142098286 0.708990516826578
28.735926449110153 -5.599617890686212 0.189112967548712
28.73654183116343 -5.599386863620578 0.5291656644544538
28.73704491862817 -5.598963813293345 0.8692183613601955
28.737378095000423 -5.5983971898897344 1.2092710582659372
28.73750320298328 -5.59775188641913 1.5493237551716788
28.737405914482533 -5.59710180679003 1.8893764520774206
28.89060980266322 -6.104941401966255 1.8382067416557553
29.017638498244676 -6.6199522720275645 1.78703703123409
29.118159469571747 -7.140786237995506 1.7358673208124247
29.19190957606175 -7.666079877377467 1.6846976103907594
29.23869575704547 -8.194458093290455 1.633527899969094
29.258395537155195 -8.72453771414572 1.5823581895474288
29.25095734693683 -9.254931114471091 1.5311884791257635
29.216400657846748 -9.784249847392537 1.4800187687040982
29.154815931280048 -10.311108279265977 1.428849058282433
29.066364381763602 -10.834127216944694 1.3776793478607676
28.951277554933828 -11.351937518187038 1.3265096374391023
28.809856721403925 -11.863183675753177 1.275339927017437
28.642472088107308 -12.366527365808581 1.2241702165957717
28.449561829181736 -12.86065095134534 1.1730005061741064
28.23163093893108 -13.344260931450165 1.1218307957524412
27.98924990986738 -13.816091327389698 1.0706610853307759
27.72305323929381 -14.274906996649129 1.0194913749091106
27.433737768337938 -14.719506866248766 0.9683216644874452
27.297185140258826 -14.95383935415919 1.1180222738360521
27.197108586266534 -15.205916759863525 1.2677228831846592
27.135746663955146 -15.47010050201253 1.4174234925332663
27.055713545081648 -15.837539627506672 1.2952420093922932
26.931494421825562 -16.1924852859926 1.17306052625132
26.76494137061339 -16.529645325428525 1.050879043110347
26.55853765627445 -16.843992772956906 0.9286975599693738
26.315360707176033 -17.13084078582732 0.8065160768284007
26.632389141132226 -16.761833515115978 0.9155251890012837
26.778476027208885 -16.571984480492294 0.9143508428023333
26.676779242924308 -16.74192782435705 1.1487341253103172
26.688528037532144 -16.720302921288333 0.9974901991511235
26.703400893219907 -16.700695046055163 0.8462462729919299
26.72105824552877 -16.683551869076865 0.6950023468327363
26.7410969567287 -16.669264788867306 0.5437584206735427
26.763059519918063 -16.658159995955153 0.39251449451434917
26.786444504434154 -16.650491025577672 0.24127056835515556
26.81071800409389 -16.646432969178672 0.09002664219596197
26.835325826888088 -16.646078476868794 -0.0612172839632316
26.859706147824607 -16.649435642116565 -0.21246121012242516
26.88330233604125 -16.65642781696516 -0.3637051362816187
26.905575663330712 -16.666895361993724 -0.5149490624408123
26.92601760392726 -16.68059929106957 -0.6661929886000059
26.9441614447368 -16.697226727677375 -0.8174369147591994
27.15098230872447 -16.946116952720555 -0.9374693069482397
27.32651184414218 -17.21798198559292 -1.05750169913728
27.468224095875943 -17.508909556667227 -1.1775340913263204
27.531773861773065 -17.774496906208856 -1.4943302191411971
27.532091950303595 -17.82996040814161 -1.6357923673931933
27.530734064429435 -17.816305622927114 -1.3075641169078047
27.525046825766832 -17.803817535415575 -0.979335866422416
27.515637460998818 -17.793829499173967 -0.6511076159370273
27.231782792936748 -17.58353319692075 -0.6241427687876349
26.9423613939244 -17.38096651378717 -0.5971779216382425
26.64758369037339 -17.186276727688362 -0.5702130744888501
26.34766400304436 -16.999605389571176 -0.5432482273394575
26.042820391223152 -16.82108822049827 -0.5162833801900651
25.73327449417886 -16.65085501297092 -0.48931853304067274
25.419251370019037 -16.489029536562203 -0.4623536858912803
25.10097933205916 -16.33572944792925 -0.4353888387418878
24.77868978282542 -16.1910662052699 -0.4084239915924953
24.45261704581144 -16.055144987286038 -0.38145914444310297
24.122998195111286 -15.92806461671247 -0.3544942972937105
23.790072883052638 -15.80991748846698 -0.3275294501443181
23.454083165955417 -15.700789502473773 -0.3005646029949257
23.11527332814258 -15.600760001209176 -0.2735997558455333
22.77388970433103 -15.509901712014976 -0.24663490869614088
22.430180500531744 -15.42828069422136 -0.21967006154674845
22.084395613589397 -15.355956291117888 -0.19270521439735602
21.591764945138575 -15.251198047443086 -0.22635389083876412
21.102937447930827 -15.129925861473913 -0.2600025672801722
20.618466536579 -14.992277028678055 -0.2936512437215802
20.1389006934892 -14.838407384960707 -0.32729992016298826
19.664782847909287 -14.668491130238593 -0.3609485966043963
19.1966497612642 -14.48272063122361 -0.39459727304580444
18.7350314194741 -14.28130620363936 -0.4282459494872125
18.280450432943198 -14.064475874117118 -0.4618946259286206
17.833421444898615 -13.83247512204082 -0.49554330237002864
17.394450548749095 -13.585566601633325 -0.5291919788114368
16.964034715123194 -13.324029844598577 -0.5628406552528448
16.542661229235616 -13.048160943656333 -0.5964893316942528
16.130807139218653 -12.758272217327711 -0.6301380081356608
15.857584509554155 -12.538773344720795 -0.7234469200218006
15.606001924611816 -12.294772190235365 -0.8167558319079403
15.378248212723307 -12.02839162195476 -0.9100647437940802
15.176304885356677 -11.741949214185615 -1.00337365568022
15.00192889749525 -11.43793708401012 -1.0966825675663598
14.856637361711348 -11.119000209274622 -1.1899914794524997
14.967371150362789 -11.317413572256987 -0.9335251380900885
15.124813439612813 -11.481248123297924 -0.6770587967276772
15.318665103578068 -11.5997865851446 -0.42059245536526596
15.536245288217456 -11.665274735304482 -0.16412611400285465
15.393682592645765 -11.654062006819567 0.007146853985200029
15.454049086638864 -11.657468634029705 -0.11989210754194238
15.513497499841707 -11.668496094010672 -0.24693106906908477
15.571069690046222 -11.686966654939425 -0.37397003059622713
15.625837754513313 -11.712582623015926 -0.5010089921233695
15.676918985170667 -11.744931140454874 -0.6280479536505118
15.723490095398912 -11.783490839598883 -0.7550869151776542
15.76480048911007 -11.827640245907427 -0.8821258767047966
16.063463563108904 -12.161516269245434 -0.7998940607392266
16.388541715256498 -12.469732144447766 -0.7176622447736566
16.175115748488757 -12.283438332022403 -0.7175861263020756
15.961675601939062 -12.097160765795106 -0.7175100078304946
15.748221276844088 -11.910899446845171 -0.7174338893589136
15.534752774440594 -11.7246543762518 -0.7173577708873327
15.32127009596542 -11.5384255550941 -0.7172816524157517
15.107773242655492 -11.352212984451088 -0.7172055339441706
14.894262215747814 -11.16601666540168 -0.7171294154725896
14.583889622780408 -10.935469596261273 -0.5606344875287651
14.241377535775003 -10.756113615569957 -0.4041395595849406
13.875097196933588 -10.632332312729991 -0.2476446316411161
13.494000761659132 -10.567150991972856 -0.09114970369729164
13.107402501427105 -10.562162731743971 0.06534522424653286
12.72475115627925 -10.617489448717599 0.22184015219035735
12.355399000808728 -10.731778918065482 0.3783350801341818
12.008373267830306 -10.902237822805981 0.5348300080780063
11.692155516305842 -11.124700024483827 0.6913249360218308
11.414474335931905 -11.393728386595853 0.8478198639656552
11.182116454838786 -11.702747662124837 1.0043147919094797
11.00076086706485 -12.044205197314371 1.160809719853304
10.874840033850262 -12.4097555239687 1.3173046477971286
10.974950782405896 -12.130973421120501 1.1347701795213478
10.916441098058021 -12.291074975103749 1.3060723875127096
10.879676422482236 -12.402105390219008 1.196001180407948
10.830937647834142 -12.50842531448846 1.0859299733031864
10.770814681100253 -12.608747910756573 0.9758587661984249
10.700035217188418 -12.701858930186138 0.8657875590936635
10.619455931313897 -12.786631408849981 0.7557163519889019
10.53005211027963 -12.862039307874765 0.6456451448841404
10.432905848147886 -12.927169932044121 0.5355739377793788
10.376526081496834 -12.976504877381094 0.902139292497344
10.341574160264681 -13.0427693333225 1.2687046472153094
10.341094403484238 -13.044126198352851 1.1931715425772986
10.340513623816792 -13.04544299152448 1.1176384379392879
10.33983513318042 -13.04671220377439 1.042105333301277
10.339062800693707 -13.047926597371596 0.9665722286632663
10.338201030611945 -13.049079247190557 0.8910391240252554
10.337254737211707 -13.050163580201968 0.8155060193872445
10.336229316766993 -13.05117341295571 0.7399729147492338
10.335130616776777 -13.052102986842213 0.664439810111223
10.333964902619416 -13.052947000931136 0.5889067054732121
9.92946846959315 -13.34447785888768 0.6600945658439094
9.546732473100375 -13.664041252380324 0.7312824262146067
9.187695689767382 -14.01001841013174 0.802470286585304
8.854176846157344 -14.380656760048307 0.8736581469560013
8.54786540588054 -14.774078806999672 0.9448460073266987
8.270313011495329 -15.188291643404927 1.0160338676973961
8.02292562455154 -15.621197044448822 1.0872217280680934
7.80695640359146 -16.07060209678997 1.1584095884387906
7.623499356185405 -16.53423030692057 1.2295974488094878
7.47348379715795 -17.009733132907474 1.300785309180185
7.357669641077067 -17.49470188109969 1.3719731695508823
7.400194124020432 -17.26074087364711 1.4100273579787337
7.4337867727754565 -17.025331403558397 1.448081546406585
7.458398946983587 -16.788814331154363 1.4861357348344364
7.473995009533059 -16.551532120504724 1.5241899232622877
7.458071134927836 -16.68609147493882 1.381816621074404
7.4232153738779045 -16.817029878662836 1.2394433188865206
7.370133065485183 -16.941697669947768 1.097070016698637
7.299898380176644 -17.057572078803968 0.9546967145107533
7.213932582855616 -17.162308277604208 0.8123234123228699
7.1139752722699585 -17.253786830875704 0.6699501101349863
7.282428826284519 -17.12053833305159 0.6685205608163696
7.4510726934067115 -16.98753078396286 0.6670910114977527
7.475833629543865 -16.957814387643396 1.0851334287168197
7.486398256389845 -16.920604754103024 1.5031758459358866
7.480947037033864 -16.882310467634458 1.9212182631549535
7.313404876559474 -16.513408369331927 2.0729974968219
7.092011897326309 -16.174079204044443 2.2247767304888466
6.821858531580865 -15.872125080633541 2.376555964155793
6.509156346687446 -15.614488753165308 2.5283351978227397
6.161095224145659 -15.407093987938726 2.6801144314896863
5.785678044480785 -15.2547093598396 2.831893665156633
5.391536679055116 -15.160838609715688 2.9836728988235794
5.280671815996792 -15.147083153472666 3.0526259704201633
5.169122673931727 -15.14099880125221 3.121579042016747
4.9139606546562415 -15.097573486589868 2.824462039856659
4.813540740689468 -15.052962557692004 2.622609651486347
4.80808001393088 -15.050363057650399 2.771989836715167
5.042187614639564 -15.167659506618431 2.5822425668610633
5.249970070547321 -15.327005911243788 2.3924952970069597
5.423968795227541 -15.522682351981409 2.202748027152856
5.557937907523042 -15.747664801521017 2.0130007572987525
5.647068434519406 -15.993877260197333 1.8232534874446489
5.6881609350706155 -16.252481653138627 1.6335062175905453
5.679740347360178 -16.51419508296732 1.4437589477364416
5.622108937914526 -16.769623049907892 1.254011677882338
5.517335451403945 -17.009596677989197 1.0642644080282344
5.369180850711188 -17.225501842224926 0.8745171381741308
5.182963312912076 -17.409588382379614 0.6847698683200271
4.965367327290159 -17.555248303742058 0.4950225984659235
4.724203748028259 -17.65725297857452 0.3052753286118199
4.468129414757119 -17.71194083362322 0.11552805875771627
4.011777869462323 -17.741300621486193 0.01296665409790732
3.554818461011272 -17.723784084603235 -0.08959475056190164
3.102053661178215 -17.659575315198744 -0.19215615522171056
2.65824185797609 -17.549349123325918 -0.2947175598815195
2.2280473467854907 -17.394263944866506 -0.3972789645413284
1.8159913103618686 -17.195949666804736 -0.4998403692011374
1.4264043029026776 -16.95649049772721 -0.6024017738609463
1.4924176244846161 -16.995450466567494 -0.46393856216254603
1.5631764523000018 -17.02492632252638 -0.32547535046414583
1.6373263597910817 -17.04435385498371 -0.1870121387657457
1.7134480102183771 -17.05336119280024 -0.04854892706734551
1.7900843248237766 -17.051775922470394 0.08991428463105468
1.8657683734305863 -17.03962838836678 0.22837749632945487
1.9390514536140186 -17.01715111190487 0.36684070802785507
2.0085308209660777 -16.984774340745997 0.5053039197262552
1.67996403496035 -17.127428798214307 0.31392325616509653
1.3302610902021554 -17.20498057143168 0.12254259260393788
0.972191355698921 -17.21459786494361 -0.06883807095722079
0.6188297129716608 -17.155929504213113 -0.26021873451837946
0.28307912802821017 -17.03111775872479 -0.4515993980795381
-0.022800499185301193 -16.844720117222987 -0.6429800616406968
-0.28764000383829325 -16.60354287145368 -0.8343607252018554
-0.2623516375240059 -16.651091182332493 -1.3296350371648085
-0.26270039180535537 -16.70494488887833 -1.8249093491277615
-0.28860245291641495 -16.752161692756534 -2.3201836610907143
-0.3338329530832925 -16.781394297719622 -2.8154579730536673
-0.3875219510422945 -16.785617428836712 2.9724530221629664
-0.4367667317633471 -16.763816169469205 2.4771787102000133
-0.46973262899234375 -16.721229869346267 1.9819043982370603
-0.47849717082952486 -16.668093006956227 1.4866300862741073
-0.4609540340058166 -16.617175606309114 0.9913557743111544
-0.4213192423580346 -16.58071430313286 0.4960814623482015
-0.3691179582350494 -16.56747159668043 0.0008071503852484862
-0.204704701480303 -16.599388351717888 -0.38428790474087476
-0.06432206354115244 -16.690728995541264 -0.769382959866998
0.03146747317224907 -16.828114449302042 -1.1544780149931213
0.06863318026883217 -16.991421241765902 -1.5395730701192445
0.041731227872956175 -17.15672908551844 -1.9246681252453677
0.1921316976788791 -16.686221181593535 -1.8357054726595343
0.30013495830295783 -16.204211550291195 -1.746742820073701
0.3648867973567555 -15.714512470944705 -1.6577801674878676
0.38587508379187396 -15.220997039771406 -1.5688175149020342
0.36293381841364686 -14.727568537031146 -1.479854862316201
0.2962444467912104 -14.238129555455043 -1.3908922097303675
0.18633442417996873 -13.756551134112012 -1.3019295571445342
0.03407304380667622 -13.286642141837477 -1.2129669045587008
-0.034087999641687516 -12.992129525024037 -1.4737606981991016
-0.024004851620521715 -12.69000051378504 -1.7345544918395024
-0.04122649359428582 -12.999585445345282 -1.5181799457779719
-0.05578969616994468 -12.536806286295286 -1.560495448732094
-0.05076297299374019 -12.073825326671253 -1.602810951686216
-0.02615532358219137 -11.611471457312815 -1.645126454640338
0.01798919613808506 -11.150572446358195 -1.68744195759446
0.08159155270522522 -10.69195345726225 -1.729757460548582
0.1645378766184609 -10.23643557147777 -1.772072963502704
0.2666796662026287 -9.784834318444938 -1.814388466456826
0.3878340534758599 -9.337958215520729 -1.856703969410948
0.5277841315444592 -8.896607320462303 -1.89901947236507
0.6862793429388253 -8.461571799055907 -1.941334975319192
0.7109655002442614 -8.39075450847174 -1.8710929058246566
0.7306205189509953 -8.318379269281607 -1.8008508363301212
0.7451474620790363 -8.244803030375655 -1.7306087668355858
0.7544746839069355 -8.170388663878558 -1.6603666973410505
0.7585561833227538 -8.095503175493226 -1.590124627846515
0.757371830697865 -8.020515894458034 -1.5198825583519797
0.7509274671646747 -7.945796652044563 -1.4496404888574443
0.7392548758086225 -7.871713957579353 -1.379398419362909
0.7224116249165465 -7.798633180985385 -1.3091563498683736
0.709967195045234 -7.728399974760675 -1.4817020079830339
0.7097659463950753 -7.657073075273837 -1.6542476660976941
0.7218138556913579 -7.586770763981725 -1.8267933242123544
0.7457531215570452 -7.519580893902697 -1.9993389823270147
0.7808727905742993 -7.457498884112878 -2.1718846404416747
0.8149074045957418 -7.4167727701643 -2.361968992992683
1.0458006646034697 -7.210224686118019 -2.461612438494316
1.1497661048772225 -7.1164405556428685 -2.3536574518372215
1.2430215017044006 -7.012000587896316 -2.245702465180127
1.324481085761664 -6.898120773769699 -2.1377474785230324
1.448956897407654 -6.7550132812280905 -2.435606984603906
1.2653064450113625 -6.926643386841476 -2.344422980360302
1.0980471890397834 -7.114283262960754 -2.253238976116698
0.9485688470581373 -7.31637385427228 -2.162054971873094
0.8181133992262981 -7.531236037890567 -2.07087096762949
0.7077647689796387 -7.757084574792868 -1.979686963385886
0.6184398169657866 -7.992042942947627 -1.888502959142282
0.5508807230665373 -8.234158928891837 -1.7973189548986779
0.5056488198009 -8.481420848210588 -1.7061349506550738
0.4831199283460736 -8.731774260146677 -1.6149509464114697
0.4549200693757987 -8.916989064783259 -1.8288306717898943
0.388050386892906 -9.09199821159321 -2.042710397168319
0.28555816057305067 -9.248826459834751 -2.256590122546744
0.5429354524613784 -8.929056397446304 -2.240424384506104
0.7951100208243109 -8.605167604415968 -2.224258646465464
1.0420159660430897 -8.277244721110607 -2.208092908424824
1.2835887653239815 -7.945373442107326 -2.191927170384184
1.5197652895597238 -7.609640493799294 -2.1757614323435437
1.7504838198267632 -7.270133611731938 -2.1595956943029035
1.9756840635139776 -6.926941517675418 -2.1434299562622634
2.195307170078667 -6.580153896439373 -2.1272642182216233
2.409295746425694 -6.229861372436001 -2.111098480180983
2.6175938719057577 -5.876155485997605 -2.094932742140343
2.82014711292888 -5.519128669454773 -2.078767004099703
3.0169025371892837 -5.158874222981466 -2.0626012660590627
3.207808727497949 -4.795486290213313 -2.0464355280184225
3.392815795219231 -4.429059833645487 -2.0302697899777824
3.5718753933080265 -4.059690609816594 -2.0141040519371423
3.550651410180719 -4.121879765490327 -1.7852614096801422
3.507468788080718 -4.4672507265950285 -1.6051053890071652
3.5268696739117167 -4.814769712054513 -1.424949368334188
3.6082260900424585 -5.153188052544769 -1.244793347661211
3.748904651073203 -5.471551652995787 -1.0646373269882339
3.679599617471297 -5.39428924111121 -0.6146356636289719
3.583587548955414 -5.354863986868722 -0.16463400026970998
3.479985143715754 -5.36112574391772 0.28536766308955197
3.3894203909557548 -5.411827751080194 0.7353693264488139
3.6326272974519025 -5.170922640626715 0.8259177189534047
3.853054082454872 -4.909012533789879 0.9164661114579956
4.048894698734349 -4.628243367702676 1.0070145039625864
4.218544543643656 -4.33091559952036 1.0975628964671773
4.4377715082048015 -3.9637253104790537 0.9675506901789165
4.702753107933305 -3.6280559461303623 0.8375384838906557
5.009016618397574 -3.3295733963639904 0.7075262776023948
5.351392502214021 -3.073315860791203 0.577514071314134
5.724101667619659 -2.863608807072058 0.44750186502587336
6.120853015943123 -2.70399195971425 0.3174896587376126
6.534949631433536 -2.597159551727176 0.18747745244935182
6.959401821029035 -2.5449148476461056 0.05746524616109105
6.861978420455395 -2.564489641728141 0.3391043500030106
6.871458412695701 -2.5617856269964308 0.21660651165938047
6.881197774952891 -2.5602602511841157 0.09410867331575035
6.891050543741036 -2.559936375045837 -0.028389165027879776
6.38161117475647 -2.5307294161218836 -0.08614859336564933
5.874707392426324 -2.4721625946239554 -0.1439080217034189
5.372029834498695 -2.384431244030835 -0.20166745004118844
4.875255043315893 -2.26782796806373 -0.259426878378958
4.386039874169893 -2.122741664787271 -0.3171863067167276
3.9060159693185184 -1.949656229547283 -0.37494573505449713
3.4367843160927367 -1.7491489410713335 -0.4327051633922667
2.9799099072450166 -1.5218885361147638 -0.49046459173003626
2.536916521347667 -1.2686329790736992 -0.5482240200678058
2.4639300960727133 -1.2439751051137364 -0.10338153623563533
2.3874361519570027 -1.2531241780866886 0.34146094759653517
2.3223237061486106 -1.2942993942183745 0.7863034314287057
2.2812664458707737 -1.3594862824791267 1.2311459152608761
2.272255882862055 -1.4359966659372414 1.6759883990930466
2.2970458608901083 -1.508938327640348 2.120830882925217
2.3508111821928503 -1.5641136776424527 2.565673366757388
2.423086798849136 -1.5907832156886108 3.010515850589558
2.005899456116904 -1.5049885773323488 2.8670245696082652
1.6052682203274031 -1.3604181383884226 2.723533288626972
1.2294278437062944 -1.1600434638210875 2.580042007645679
0.8861035161573936 -0.9079831436202328 2.4365507266643855
0.5823520782808496 -0.6094181374748469 2.2930594456830926
0.324416971939533 -0.27048528302819386 2.1495681647017997
0.2887710245463646 -0.1849359351999567 1.7816144133682623
0.28628371715702233 -0.09229070984352428 1.413660662034725
0.31728802387907806 -0.004951958741405124 1.0457069107011876
0.37763341976901366 0.06538834033586761 0.6777531593676503
0.4592415087151857 0.10931378054933501 0.309799408034113
0.5511874726979422 0.12094409381574664 -0.05815434329942434