39.12 -1.14 0.0
39.3607395080954 -1.151909667909041 -0.0988617642956548
39.4407019016033 -1.161745035201109 -0.14590862347939668
39.520113264313956 -1.1753301114878907 -0.19295548266313858
39.598797858982955 -1.1926348330128849 -0.24000234184688043
39.67658155670261 -1.2136209044494204 -0.2870492010306223
39.753292222249044 -1.2382418836481661 -0.3340960602143642
39.94839151573618 -1.2909082933031337 -0.19322824290565668
40.14895274784581 -1.3156606103622206 -0.05236042559694909
40.35100261020851 -1.312008467930994 0.08850739171175849
40.55053830327664 -1.2800242184174224 0.22937520902046607
40.743606835582575 -1.2203415001620015 0.3702430263291737
40.92638333625167 -1.1341426844608147 0.5111108436378813
41.09524682932459 -1.0231354516679185 0.6519786609465889
41.24685196872794 -0.889518960426696 0.7928464782552964
41.37819531275515 -0.7359402802498142 0.9337142955640041
41.486674825097424 -0.5654419505597306 1.0745821128727118
41.57014142365266 -0.38140170509492877 1.2154499301814194
41.62694155588173 -0.1874655557986064 1.356317747490127
41.65594995725372 0.012524438138507177 1.4971855647988346
41.65659194380432 0.2146062851173833 1.6380533821075423
41.62885479717063 0.41477655194476803 1.77892119941625
41.57328801655399 0.6090696756445716 1.9197890167249576
41.53628616494395 0.7171751580734772 1.8813571301390943
41.50346531098199 0.8266225148207512 1.842925243553231
41.47487392542811 0.9372501109524016 1.8044933569673678
41.45055423284448 1.0488945685237263 1.7660614703815045
41.43054214923694 1.1613910078604561 1.7276295837956412
41.41486722901328 1.2745732910576937 1.6891976972097782
41.40355262133646 1.3882742673370434 1.650765810623915
41.39661503593724 1.5023260198995807 1.6123339240380516
41.394064718436816 1.6165601139101027 1.5739020374521884
41.39541656100339 2.2015981127959523 1.563069240557919
41.403105798117494 2.786587141112969 1.5522364436636495
41.41713152745992 3.371458551369187 1.5414036467693801
41.437492103134595 3.956143709874925 1.5305708498751107
41.46418513586174 4.540574004796836 1.5197380529808413
41.49720749325825 5.124680854209391 1.5089052560865719
41.53655530020527 5.708395714142855 1.4980724591923025
41.582223939302935 6.29165008662681 1.487239662298033
41.613242807269636 6.77868354363694 1.5271460067098725
41.624806412819076 7.266566768849563 1.567052351121712
41.6168963431644 7.754522903369082 1.6069586955335515
41.58952519354901 8.24177497220605 1.646865039945391
41.54273654719111 8.72754712145832 1.6867713843572305
41.47660490588593 9.211065853707089 1.7266777287690698
41.458832648521664 9.33564277249248 1.6983244191091464
41.44459922904425 9.460673455110244 1.6699711094492231
41.433916089077805 9.586057394856693 1.6416177997892998
41.42679181633184 9.71169380106017 1.6132644901293764
41.423232137698 9.837481680102261 1.5849111804694531
41.42323991464642 9.963319916602154 1.5565578708095298
41.426815140925555 10.089107354698877 1.5282045611496065
41.43395494256718 10.214742879366074 1.4998512514896831
41.44465358019668 10.340125497693961 1.4714979418297598
41.44517012797369 10.543042774969654 1.6650035074211345
41.40665600040358 10.742272165914112 1.8585090730125091
41.33793644755431 11.02391247347927 1.7617263703239325
41.29675386428871 11.31087524915718 1.664943667635356
41.28349370238283 11.60047464124119 1.5681609649467794
41.298280071412904 11.890000120396488 1.4713782622582028
41.34097457714157 12.176741849082397 1.3745955595696262
41.41117761683009 12.458016044499772 1.2778128568810496
41.50823211935307 12.731190097676892 1.181030154192473
41.63122969510972 12.993707213589714 1.0842474515038965
41.779019138171044 13.243110341695239 0.9874647488153198
41.95021720108646 13.477065172898204 0.8906820461267432
42.22490825135603 13.853219871919439 0.9894147998894334
42.46118304364325 14.254619614350323 1.0881475536521237
42.65674020468064 14.677354670219781 1.186880307414814
42.80967496071586 15.117307498475721 1.2856130611775043
42.91849769046599 15.570192852824572 1.3843458149401946
42.9821484343868 16.031599521060176 1.483078568702885
43.00000721893352 16.49703329133095 1.5818113224655752
42.971900095252145 16.96196072684354 1.6805440762282655
42.89810083348312 17.421853322626838 1.7792768299909558
42.779328256174345 17.872231614258865 1.8780095837536461
42.616739236776795 18.308708808926923 1.9767423375163364
42.41191743141904 18.72703351384398 2.0754750912790265
42.166857853715904 19.12313114583629 2.174207845041717
42.05261744868191 19.283050889341155 2.2079832904059815
41.93304186542204 19.439021637858485 2.241758735770246
41.80826750048774 19.59086547988125 2.2755341811345104
41.67843668053649 19.738409211350195 2.309309626498775
41.49753965665117 19.936413330190508 2.3128421747348837
41.31594430381633 20.133777187462016 2.3163747229709926
41.13365288813934 20.330498320284022 2.3199072712071014
40.95066768441363 20.52657427379632 2.32343981944321
40.76699097609035 20.722002601189818 2.326972367679319
40.49531375197987 21.035143878973646 2.2438520636105737
40.25057293151833 21.369759934703602 2.1607317595418283
40.034458452035054 21.723540241829564 2.077611455473083
39.84846258574522 22.09404194449172 1.9944911514043375
39.693869635598176 22.4787067254599 1.9113708473355921
39.57174706715531 22.874878471334565 1.8282505432668468
39.48293813773174 23.279821613031157 1.7451302391981014
39.42805607369786 23.69074001490657 1.662009935129356
39.3861889788862 24.136531548555112 1.6668659930264353
39.342157596724455 24.582114517805078 1.6717220509235147
39.295962965527735 25.027478415252197 1.676578108820594
39.247606174623286 25.472612738658192 1.6814341667176733
39.19708836432477 25.917506991198426 1.6862902246147526
39.1444107259054 26.36215068170943 1.691146282511832
39.08957450156985 26.80653332493631 1.6960023404089113
39.03258098442493 27.25064444177999 1.7008583983059906
38.97343151844914 27.694473559544324 1.70571445620307
38.91212749846093 28.138010212183058 1.7105705141001493
38.848670370085856 28.581243940546635 1.7154265719972286
38.78306162972243 29.02416429262883 1.720282629894308
38.71530282450691 29.466760823813217 1.7251386877913872
38.64539555227674 29.909023097119483 1.7299947456884666
38.57334146153293 30.350940683449526 1.7348508035855459
38.538963024085724 30.51181713334075 1.8277981588883767
38.48980146160862 30.668808374707027 1.9207455141912075
38.4262811855256 30.820559103262944 2.0136928694940384
38.348950565934494 30.965759256033422 2.106640224796869
38.25847719753175 31.103155321118184 2.1995875800997
38.15564213627211 31.231561159251193 2.292534935402531
38.04133315651803 31.349868243732626 2.3854822907053617
37.916537086889846 31.457055230332088 2.4784296460081925
37.78233129098121 31.55219677454619 2.5713770013110233
37.63987436648673 31.634471520091154 2.664324356613854
37.24103974655182 31.850524247835406 2.62594833831608
36.85078798466457 32.08171983076954 2.5875723200183063
36.704604371485 32.179740250911046 2.5142688192973695
36.56599214101977 32.28820361381487 2.440965318576433
36.43569577921594 32.406527363027095 2.3676618178554967
36.314415107510534 32.53407598198331 2.2943583171345603
36.202801524091356 32.670164407366514 2.2210548164136235
36.10145450523893 32.81406170858053 2.1477513156926866
36.01091838554088 32.96499501357639 2.07444781497175
35.931679434272226 33.122153659946214 2.001144314250813
35.86416324364427 33.284693548989 1.9278408135298764
35.71393550526524 33.562511611180476 2.2051661029730534
35.473547494287466 33.877475536085285 2.2402482639019494
35.22226004920111 34.183814057586034 2.2753304248308455
34.96038241232457 34.48115018575961 2.3104125857597415
34.68823685860293 34.76911800931431 2.3454947466886376
34.40615829900614 35.04736314589193 2.3805769076175336
34.114493868376975 35.31554317818192 2.4156590685464296
33.81360249823584 35.57332807531106 2.4507412294753257
33.74730214084468 35.62417230030832 2.5240136046720436
33.677457537434265 35.67002646020912 2.5972859798687615
33.60444350483335 35.71064448144501 2.6705583550654795
33.52865186842023 35.745808389868124 2.7438307302621974
33.45048935941566 35.775329480496296 2.8171031054589153
33.37037543218435 35.799049330186854 2.890375480655633
33.288740013258604 35.816840647804824 2.963647855852351
33.206021194163625 35.8286079573231 3.036920231049069
33.12266288042594 35.83428811018873 3.110192606245787
33.0391124093813 35.83385062420581 -3.099720325737082
32.955818149565985 35.827297847116334 -3.026447950540364
32.87322709457424 35.814664944001194 -2.953175575343646
32.79178246429427 35.79601970856888 -2.879903200146928
32.711921326395604 35.77146219934467 -2.80663082495021
32.63407225083191 35.74112420271263 -2.733358449753492
32.53643462813495 35.69967086048957 -2.746825613956941
32.43824761721212 35.659536139443844 -2.76029277816039
32.339529025433585 35.620727318479524 -2.7737599423638395
32.24029675657794 35.5832514360331 -2.787227106567289
32.14056880758516 35.54711528879697 -2.800694270770738
32.04036326529266 35.51232543048677 -2.8141614349741872
31.939698303155016 35.4788881706528 -2.827628599177636
31.838592177947994 35.446809573535724 -2.8410957633810856
31.737063226457487 35.4160954569667 -2.854562927584535
31.425179677726575 35.35271246382378 -3.027630374293403
31.10704044913749 35.34398417524675 3.0824874861773153
30.792150794428167 35.390171372020156 2.909420039468447
30.41276852375131 35.48271355645611 2.895252692448686
30.07941645469989 35.544288911790254 3.0226189254651636
29.740943143084767 35.56302240184638 -3.133200148697945
29.402831937551465 35.53861053960263 -3.0058339156814675
29.070560320540324 35.47144880306915 -2.87846768266499
28.7495111717602 35.36262522844972 -2.7511014496485124
28.444885564249052 35.21390278369489 -2.623735216632035
28.161618505746084 35.02769080799927 -2.496368983615557
27.90429899038543 34.80700597993003 -2.3690027505990794
27.677095655893023 34.55542344651223 -2.241636517582602
27.483689250657857 34.277018904991436 -2.1142702845661243
27.34200029716013 34.04307449328825 -2.11645274207614
27.199801107770142 33.809439868612756 -2.1186351995861554
27.057092359799537 33.576116143794444 -2.120817657096171
26.91387473298705 33.34310443018195 -2.1230001146061865
26.770148909495266 33.110405837637785 -2.125182572116202
26.625915573907367 32.878021474533 -2.1273650296262177
26.48117541322388 32.64595244774194 -2.129547487136233
26.3359291168594 32.414199862636984 -2.1317299446462488
26.190177376639305 32.18276482308324 -2.1339124021562643
26.04392088679646 31.95164843143332 -2.13609485966628
25.89716034396792 31.720851788522072 -2.1382773171762954
25.749896447191592 31.490375993661353 -2.140459774686311
25.60212989790293 31.26022214463477 -2.1426422321963265
25.453861399931576 31.03039133769247 -2.144824689706342
25.242089625610056 30.662185512398548 -2.0406545951338955
25.069752527427433 30.27395524725986 -1.9364845005614486
24.938718515163313 29.86990957928453 -1.832314405989002
24.85040820708594 29.454429009742533 -1.7281443114165551
24.80577902817805 29.032018012525757 -1.6239742168441085
24.805314830118743 28.60725619844659 -1.5198041222716618
24.849020645557417 28.18474866493209 -1.4156340276992152
24.936422633551803 27.769076069402516 -1.3114639331267686
25.066573216761633 27.364744967618588 -1.207293838554322
25.238061354702555 26.976138955409283 -1.1031237439818753
25.449027841681815 26.60747114348194 -0.9989536494094287
25.69718546356155 26.262738480563762 -0.894783554836982
25.97984379481822 25.9456784200849 -0.7906134602645354
26.29393836705833 25.659728400205612 -0.6864433656920885
26.63606389275713 25.407988576488773 -0.5822732711196418
26.755636330960044 25.315835501889826 -0.7309480397969145
26.860239257389658 25.206987052575244 -0.8796228084741871
26.947564765318752 25.083844806368855 -1.0282975771514595
27.015686148353083 24.949125712290403 -1.176972345828732
27.06310041031904 24.805802145149293 -1.3256471145060045
27.154611521005815 24.389897489995196 -1.3827894909458134
27.168200683772863 24.314613885203382 -1.4016366076512916
27.180368638196107 24.239087549529568 -1.4204837243567698
27.191111062178063 24.163345310176936 -1.4393308410622478
27.2222943963779 23.87653673286012 -1.4856621270453358
27.2401608110018 23.588591683271137 -1.5319934130284238
27.244671961077415 23.30012815025646 -1.5783246990115118
27.235818164755948 23.011765235433813 -1.6246559849945998
27.21361842409138 22.724121824473748 -1.6709872709776878
27.17812038425818 22.437815258844672 -1.7173185569607758
27.129400231295037 22.153460010872063 -1.7636498429438638
27.067562528594074 21.87166636495544 -1.8099811289269518
26.992739992486463 21.593039107773485 -1.8563124149100398
26.905093207406093 21.318176230288383 -1.9026437008931278
26.8048102812426 21.047667644335178 -1.9489749868762158
26.692106441623434 20.782093916550572 -1.9953062728593038
26.56722357399146 20.52202502235842 -2.041637558842392
26.430429702469407 20.26801912268614 -2.0879688448254803
26.28201841462542 20.020621366037453 -2.1343001308085685
26.12230823137419 19.780362718492405 -2.1806314167916567
25.818876435588496 19.37492022681018 -2.2459095650681493
25.489643165206342 18.99013467299001 -2.311187713344642
25.13601086298555 18.627645137166912 -2.3764658616211345
24.759485904817616 18.288995724600085 -2.441744009897627
24.51731775628634 18.087337254858966 -2.45268787796667
24.27295723000291 17.888341064503766 -2.463631746035713
24.026433592307416 17.692030986721754 -2.474575614104756
23.77777636860943 17.49843053299241 -2.485519482173799
23.52701533985183 17.307562890271523 -2.496463350242842
23.27418053894402 17.11945091821417 -2.507407218311885
23.01930224716499 16.934117146436865 -2.518351086380928
22.834836656641915 16.770601840322886 -2.314303269854874
22.56032918897976 16.4874889220319 -2.3672232536204825
22.271230675134895 16.21929249476596 -2.420143237386091
21.968350553699942 15.966763473968202 -2.4730632211517
21.652536849993226 15.730608908362171 -2.5259832049173085
21.324673801697127 15.511490000306488 -2.5789031886829172
20.98567938310649 15.310020254513423 -2.631823172448526
20.63650273491887 15.126763760314754 -2.6847431562141346
20.27812150676287 14.962233612284303 -2.7376631399797433
19.911539119905115 14.816890473639242 -2.790583123745352
19.537781957800004 14.691141286442429 -2.8435031075109607
19.167024930566313 14.549846326302331 -2.7114690349144337
18.818096506136193 14.36097072271926 -2.5794349623179067
18.49707072069989 14.127802362753414 -2.4474008897213797
18.209535890090173 13.854400167827336 -2.3153668171248527
17.96049733013917 13.545523437299304 -2.1833327445283257
17.754290225715756 13.206549000078047 -2.0512986719317987
17.594504165191818 12.843377616477415 -1.9192645993352717
17.483920654017666 12.46233125963805 -1.7872305267387447
17.424464695150604 12.07004306460874 -1.6551964541422177
17.410081541549992 11.924201306914854 -1.683003711596726
17.391649011750516 11.778815835701488 -1.7108109690512343
17.369181357668886 11.633999062105302 -1.7386182265057426
17.342695951154653 11.489862957549514 -1.766425483960251
17.312213270558413 11.346518967168302 -1.7942327414147592
17.277756884898075 11.20407792363812 -1.8220399988692675
17.239353435635433 11.062649961482567 -1.8498472563237758
17.19703261607717 10.92234443191706 -1.877654513778284
17.15082714841616 10.783269818299159 -1.9054617712327926
17.10077275843089 10.64553365224992 -1.933269028687301
17.046908147862506 10.50924243051111 -1.9610762861418096
16.989274964490868 10.374501532602599 -1.988883543596318
16.791415206344126 9.982004300199916 -2.0865612970158796
16.556221269244105 9.610673755685943 -2.184239050435441
16.285935341692383 9.264049926866923 -2.2819168038550024
15.983134156773016 8.945437303530875 -2.379594557274564
15.650704427228098 8.657873334556415 -2.4772723106941252
15.291815325385619 8.404099470818734 -2.5749500641136867
14.909888270298362 8.186535029951143 -2.672627817533248
14.508564310123933 8.007254132118815 -2.7703055709528095
14.091669410701446 7.867965926684309 -2.867983324372371
13.663177981241345 7.769998298271188 -2.9656610777919323
13.400208399884827 7.755786864816742 3.0736402783061787
13.1415890815557 7.805496157173712 2.829756327224703
12.902626449166405 7.916184123462874 2.5858723761432274
12.697463541741445 8.081299679897118 2.3419884250617518
12.538242956544167 8.291070437652074 2.098104473980276
12.434388187647407 8.533081083155642 1.8542205228988005
12.3128345431277 9.00587013287892 1.7906700080299023
12.221552040736025 9.485424382981428 1.727119493161004
12.123123126253946 9.964695093116319 1.819584817638419
11.98086188787359 10.432830121557698 1.912050142115834
11.795983769527549 10.885829841376761 2.004515466593249
11.570068322959996 11.319823937882123 2.096980791070664
11.305045712437279 11.731104475606736 2.189446115548079
11.00318022391407 12.116157577967913 2.281911440025494
10.667050919548553 12.471693448937462 2.374376764502909
10.299529602849592 12.794674480224417 2.4668420889803238
9.986924480656493 12.991915507311555 2.6905972299378775
9.55123300335132 13.210889172944784 2.661155037355479
9.38467425618258 13.287782968324427 2.7570115250249483
8.994072720553778 13.484057104649157 2.5948953828948
8.571189085315723 13.737217609247649 2.609433165363912
8.144669874202698 13.984203788197481 2.623970947833024
7.7146052292336 14.224963442600622 2.638508730302136
7.281086041731359 14.459445689493885 2.653046512771248
6.8442039331136595 14.687600972602713 2.66758429524036
6.404051235529359 14.909381072814565 2.682122077709472
5.960720972344693 15.124739118369709 2.696659860178584
5.646961849467362 15.24763664947474 2.839874461986492
5.318874280460525 15.324494553451157 2.9830890637944005
4.983175986148161 15.353739134765192 3.126303665602309
4.646740519920612 15.334771599218467 -3.0136670397693694
4.3540768651214155 15.29904608288902 -3.0265797590315677
4.0609763083628865 15.267102523518327 -3.039492478293766
3.966834646261214 15.258308781518586 -3.0574140090161306
3.8725505131425604 15.251203524050519 -3.075335539738495
3.7781541904934226 15.245789033128613 -3.0932570704608597
3.6836759958325076 15.242067047739361 -3.1111786011832243
3.5891462729735752 15.240038763282737 -3.129100131905589
3.494595382279834 15.239704831188268 3.136163644551633
3.400053690913022 15.241065358705818 3.1182421138292686
3.305551563080306 15.244119908871133 3.100320583106904
3.211119350282125 15.24886750064619 3.0823990523845395
3.116787381564122 15.255306609234278 3.064477521662175
3.02258595377628 15.263435166569717 3.0465559909398103
2.928545321842404 15.273250561982069 3.0286344602174458
2.8346956890430657 15.28474964303461 3.010712929495081
2.7410671973151355 15.29792871653681 2.9927913987727166
2.219513415128759 15.384159454257116 2.9626897952187097
1.7007911982508883 15.486048362181432 2.9325881916647027
1.185370528783447 15.603503125075225 2.902486588110696
0.8465675793131153 15.66376864052736 3.028625600579753
0.5028747235439388 15.68093231774804 -3.128420694130776
0.15975322887625854 15.654721426509383 -3.002281681661719
-0.1773447161974087 15.585552456952085 -2.876142669192662
-0.5030626371759195 15.47452450157172 -2.750003656723605
-0.8122248877410929 15.323401790677611 -2.6238646442545477
-1.0999188905958273 15.134585658835208 -2.4977256317854906
-1.2910648812945498 15.001113939340911 -2.5663303150723435
-1.4909108281312595 14.881059421733703 -2.6349349983591965
-1.6985165045187314 14.77498693332761 -2.7035396816460495
-1.9129051762289861 14.683395519389002 -2.7721443649329025
-2.1330681966903398 14.606716095249967 -2.8407490482197555
-2.3579697524242698 14.545309418956435 -2.9093537315066085
-2.6208942962389212 14.473462246198574 -2.8403330036144454
-2.8782378128492607 14.38365330214474 -2.7713122757222823
-3.1287748401542523 14.276310254290589 -2.7022915478301193
-3.3713123283506126 14.151944267007726 -2.6332708199379558
-3.604695321200159 14.011147567394316 -2.5642500920457927
-3.75796928903531 13.899764471427627 -2.462101398416399
-3.899086432732139 13.773332453971983 -2.359952704787006
-4.026575565738602 13.633169604941594 -2.2578040111576128
-4.139107577408768 13.480737162093883 -2.1556553175282196
-4.235509289361141 13.317624277208271 -2.053506623898826
-4.314775686198562 13.145531448724723 -1.9513579302694326
-4.376080393080944 12.966252793561537 -1.8492092366400392
-4.41878429091914 12.781657342933737 -1.7470605430106458
-4.442442179374101 12.593669557168523 -1.6449118493812525
-4.4468074181976425 12.404249262656375 -1.542763155751859
-4.431834498527513 12.215371220100849 -1.4406144621224657
-4.3976795173302925 12.029004537073885 -1.3384657684930723
-4.344698550045905 11.847092139506632 -1.236317074863679
-4.273443938399398 11.67153051613136 -1.1341683812342855
-4.163783661083944 11.416419472301108 -1.1954760940256675
-4.069959884503868 11.155068903039597 -1.2567838068170494
-3.992325147607552 10.888460822269145 -1.3180915196084313
-3.8998607466443245 10.6082448270294 -1.1860502797544392
-3.7713085827448976 10.34264171976131 -1.0540090399004471
-3.608906694121517 10.096275537006354 -0.921967800046455
-3.4154824282217464 9.873435408674798 -0.7899265601924628
-3.1210367429349635 9.585343392368795 -0.7590568709317959
-2.817839442079608 9.306476635301397 -0.728187181671129
-2.530503510202842 9.068318662396702 -0.6559841769873666
-2.3152297888317386 8.867718730205771 -0.8442729171171388
-2.1413087438760945 8.630369666526333 -1.0325616572469112
-2.014888142084631 8.364661293774073 -1.2208503973766835
-1.9404367029975582 8.079985880143333 -1.409139137506456
-1.9205861385030527 7.786406141405764 -1.5974278776362283
-1.9240238484967753 7.5000664834026995 -1.568175036110432
-1.919085033665319 7.213748782756419 -1.5389221945846359
-1.9057739199930923 6.9276980322800075 -1.5096693530588396
-1.8841018973703345 6.642158996365911 -1.4804165115330434
-1.8540875098471536 6.357376001548943 -1.4511636700072472
-1.815756439765982 6.073592727443957 -1.421910828481451
-1.7691414857860244 5.79105199823707 -1.3926579869556548
-1.7118488980764845 5.426902942452183 -1.4368275590089843
-1.6706912673178416 5.060579281100892 -1.4809971310623138
-1.6457488769812065 4.692795577547057 -1.5251667031156433
-1.6370703805395106 4.3242692431624 -1.5693362751689728
-1.6446727065623903 3.955719137919541 -1.6135058472223023
-1.6685410256947446 3.5878641681593426 -1.6576754192756318
-1.7086287795833786 3.2214218842678073 -1.7018449913289613
-1.7648577716953064 2.857107080997947 -1.746014563382291
-1.7805482795931915 2.646459690359635 -1.544277633998892
-1.7653366001367106 2.3588156336751247 -1.4916460715016286
-1.722849286046754 1.810801376591403 -1.4951969887715955
-1.6823081890183174 1.2626397058433172 -1.4987479060415623
-1.6437138202341017 0.7143375332014883 -1.502298823311529
-1.588459763033423 0.2415342849203509 -1.4066196393441754
-1.4882899852531133 -0.2238278730187902 -1.3109404553768218
-1.405826568659299 -0.46760051750422926 -1.1782602946972198
-1.2495020259360947 -0.7342149737372303 -0.9027148567071239
-1.0265362373079874 -0.9482404115512524 -0.627169418717028
-0.7537511053235741 -1.0935294431341078 -0.35162398072693213