2.0 20.0 1.5707963267948966
2.1418370361375523 22.265419936839564 1.445740361159218
2.565132845263084 24.495457132275376 1.3206843955235392
3.2632761294410453 26.65528147462539 1.1956284298878606
4.225362851461762 28.711159480335333 1.0705724642521819
6.95469657477147 27.208059684015367 -2.077364750534124
4.234954228498797 28.728445536614625 1.0578833418591567
3.4575070594634956 31.885257407075063 2.566650737561549
2.0455402215425154 32.7649419977957 2.6021850818036047
0.6032122906794506 33.593908505196445 2.6377194260456607
2.1433016056217014 34.50054868385942 -1.5735909740887344
3.43598328069621 32.74901684499545 -0.29641030869105833
5.486677561871904 33.47945689098208 0.9807703567066178
5.380999396279062 35.65378939107138 2.2579510221042938
3.2691354153652035 36.18191837318305 -2.748053619677617
-2.8398996610761524 37.3988402723279 2.3548005329160313
-4.0397853852517 43.51124427752331 1.1744693783300928
-3.355177334799752 44.45083422896818 0.7077638636780973
-2.3210190876558334 44.98190313171435 0.24105834902610165
-1.158505770186524 44.99086116198316 -0.22564716562589396
-0.11628625297871875 44.475792295179 -0.6923526802778897
-2.1932750238892584 44.174113254492205 0.9808318358164307
0.6058269654311963 43.429755083574186 -1.5006561631928725
-0.5136360589434248 44.43689777525575 0.035395209662274954
-1.5590587602983237 43.353096483578454 1.5714465825174224
-2.800434130276688 45.79606502600029 2.510426309456446
-4.4153181934668595 45.234485829193794 -1.8410847823499683
-3.3197032462763683 43.92191216675644 0.09058943302320377
-2.4785330596313293 45.41041962355032 2.022263648396376
-4.1681751763235235 45.67182208974249 -2.3292474434100385
-3.8161345954154395 43.99871445386687 -0.39757322803686646
-2.375100516842897 44.91884624672266 1.5341009873363056
-3.744787001565172 45.94216470419353 -2.8174101044701088
-4.218560235017379 44.29937419560893 -0.8857358890969367
-2.5142991572799036 44.43618030198042 1.0459383262762354
-3.2440604762565295 45.9823595118901 2.9776125416494073
-7.448149879720191 44.24892543152577 -2.1954474531315316
-7.821398978352615 46.037574825379615 -0.5346966798375805
-9.56928639849786 45.5051547747977 1.1260540934563705
-8.8820007294995 43.81216335339205 2.786804866750322
-7.257595423743503 44.64875701007097 -1.8356296671353136
-11.8960756436588 44.893830239125144 1.7300582055441838
-9.458354224846154 44.818283343424916 -1.7920199401742558
-10.867110399738253 46.66505521979735 -0.04626048678731284
-12.440462771155639 44.95633562928167 1.69949896659963
-10.483953951856229 43.70444363567342 -2.8379268871930132
-9.591747710858456 45.8490014798878 -1.0921674338060703
-11.858872471469837 46.354279268316674 0.6535920195808727
-11.961793613092539 44.03381216829912 2.399351472967816
-8.880994698112776 45.481072418282515 -1.5210100429412376
-11.273501183569028 46.527359191097005 0.6964942652699943
-5.885952891337817 45.07643944288981 -1.2226311720073846
-7.42749655345445 45.56208070500292 0.6122445975756807
-1.4095198326544143 45.44997095203453 -0.6494985757234943
-0.1837933562681442 44.939191555127024 -0.14016712507174584
1.1354052940133958 45.09090150310296 0.36916432558000273
2.213186151281219 45.86658791585398 0.8784957762317513
2.011645348540756 44.57000528244677 1.9546849830868689
3.0571708135967377 43.77714859782974 3.0308741899419864
4.251303993273446 44.32101546537881 -2.1761219103824825
4.339454876435606 45.63020400879804 -1.099932703527365
3.2290096580485566 46.329243805507616 -0.023743496672247403
2.086633415853873 45.68370392161849 1.0524457101828701
6.7022532933764545 43.305934881320596 -2.003844868684784
1.9008331421346005 45.281813671638815 1.223049859627148
6.853137482258643 43.722193786676684 -1.8332407192405065
1.7859622728603828 44.854213159320295 1.3936540090714256