2.0 20.0 1.5707963267948966
4.7437144662709105 25.15750572131748 0.5929826977552232
5.018651812000655 26.717411764838484 2.199688569751272
2.912452123203224 25.701827190309594 -1.3010948128378457
5.241232485469627 25.912234370400437 1.481307111752623
2.9871095114349995 26.533860282859614 -2.0194762708364946
4.878866065294147 25.15954361700622 0.762925653753974
3.590933675067032 27.11113766170796 -2.737857728835144
4.110654339195662 24.831361447166472 0.044544195755324985
12.80906088528896 26.423072857893562 0.3174287495954246
13.056818077035164 24.34023499210271 3.0609547450585155
13.635817279545003 26.356260072484183 -0.47870456665798017
12.320603087275627 24.722305106860173 2.2648214288051105
14.166364731826741 25.718679109300076 -1.2748378829113851
12.078687900701716 25.515694750252575 1.4686881125517057
14.081817996509379 24.893547645056596 -2.07097119916479
12.47647550315234 26.243537526595105 0.6725547962983007
16.511993076514553 27.68164021396368 0.012106625451114055
20.581145471778612 26.341662524429736 -0.6483415453960726
20.60061361271178 24.308301401335335 -2.4741029638987575
18.628076692000796 24.802299945721 1.983320924778144
18.521855004814352 26.17357343579016 1.312887118097223
19.290632579380784 27.314036092889875 0.642453311416302
23.097713913809024 34.72765317967874 1.5503206247074333
19.59733758459874 42.2909165064699 2.4581879379985643
11.481796226962249 44.18658922847952 -2.917130055889891
2.695562425928385 43.5298451478964 3.066346450521913
-5.892901508322515 45.496442321667004 2.7666376497541303
-7.277709309096029 45.95883783439026 2.872016082750999
-8.703471727351786 46.2730094148352 2.9773945157478674
-9.490195250141282 43.848153597795864 -0.4632549556576524
-4.3547855564243685 44.040519622922325 0.5381374437016182
-2.587461173347216 44.43311746550236 -0.10095151099558881
-0.934766163926777 43.69408583772564 -0.7400404656927959
0.8756070983686131 45.4293030586198 2.2684490499931846
-1.1490346240156424 43.94968957919261 -1.0062467415004213
1.0540590294293002 45.14752450382636 2.002242774185559
-1.2885131570089012 44.25265819881322 -1.2724530173080468
1.1520967466038667 44.828725426581826 1.7360364983779337
-1.343375741273402 44.581648080859146 -1.5386592931156722
1.1628136621246543 44.4953646709994 1.4698302225703084
-1.3097574025492007 44.91348245662844 -1.8048655689232975
1.085454787811848 44.17092692626888 1.203623946762683
-1.1900264947075747 45.224784167751565 -2.071071844730923
0.9254699226861367 43.878268270884355 0.9374176709550578
-0.9926178533132604 45.493622546603284 -2.337278120538548
0.6941297240448576 43.63800600140914 0.6712113951474326
-0.7314385760341504 45.70105839394103 -2.6034843963461736
0.4077317091308723 43.46706617955917 0.40500511933980693
-0.42488829164178976 45.832478212765025 -2.869690672153799
0.08645212320460971 43.37749122040306 0.13879884353218144
-0.0945629379586232 45.87862370393003 -3.1358969479614243
-0.2470754420703709 43.37559152502955 -0.1274074322754437
0.23626663464422937 45.836243997322 2.881082083410537
-1.1440810596917 44.20123911523291 -1.1417785454876392
0.9955410869245589 44.176383704898 1.1185461327937711
-0.34645241505957647 45.843013286522556 -2.904314496104405
-0.7785935461970426 43.74733803389086 -0.6439898178229946
1.113233301726407 44.747133962663185 1.6163348604584158
-0.861685230708598 45.57072215585105 -2.4065257684397605
0.9588236859951078 44.04948317408363 1.014362729086145
-1.2105135502466424 45.00989803803644 -1.847934080567536
1.1395274913059594 44.684739832750395 1.5729544169583696