2.0 20.0 1.5707963267948966
2.4489120520542547 26.95151400060596 1.4418202271183669
3.7881909767092967 33.78755092949064 1.3128441274418372
6.972868022404667 33.65406022031373 -1.396628202627285
4.025021577591447 32.44154671827856 2.177084774483179
6.194104188046252 34.777155479145435 -0.532387555585943
7.611495567388685 36.28359909790502 2.1640797389295146
5.683588509815137 35.53423598425863 -1.4226382737346146
7.7462879805681215 35.380477758166286 1.273829020780843
5.950788597740549 36.4073919050167 -2.3128889918832862
7.129169110062335 34.70745365116277 0.38357830263217124
6.797558048041425 36.74912081362611 3.080045597147629
6.21777310504229 34.763618328458385 -0.5066724155165002
7.595961732733743 36.30600829381658 2.189794878998957
5.687959925799463 35.50732199527927 -1.3969231336651717
7.753930913683357 35.40665136422059 1.2995441608502858
5.932620820828064 36.38705956716422 -2.287173851813843
7.154321074372954 34.71798222047712 0.4092934427016144
6.770323677316417 36.7504478900001 3.105760737217072
6.241782268077451 34.75069423580782 -0.4809572754470571
7.579856841709132 36.328010670178585 2.2155100190684003
5.718387802402756 37.37066332720785 3.0465105365701803
3.6933927007380483 36.69866155210578 -2.4056742531076263
1.874982926303502 32.89981863885193 -1.6288028853520855
3.2414417203700765 28.91602497558871 -0.8519315175965448
7.0087233338115755 27.03309883992546 -0.07506014984100425
12.58101564116405 27.56077537869389 0.2638900396949477
15.626720293274465 25.336925013273817 -1.5252537174851621
17.438922710002313 23.61127469757347 0.0033768037728640946
19.23942952211168 25.349124469797385 1.5320073250308903
17.579021755586076 27.221287032218825 3.0606378462889166
15.638531570785345 25.641272964571648 -1.6939169396326437
17.135343161588832 23.635904750774667 -0.16528641837461744
20.66382612266071 26.465687393925837 1.517184013309558
22.882293756598735 27.03194164007654 -1.017364746781652
21.383197429312926 25.30134847135303 2.7312718003067245
21.627259028084662 27.577897713104516 0.19672304021551446
22.725441277590402 25.568858574365603 -2.3378257198756955
20.677422292606444 26.5925092722404 1.410810827212681
22.943471232165606 26.920022199675454 -1.123737932878529
21.269106501809105 25.358373947394398 2.6248986142098474
20.347617567969632 25.98025679628246 2.470969548633512
19.134098542469793 26.61525586984029 2.848034823233559
17.772027686381534 26.75883592299662 -3.0580852093459807
16.452778176181894 26.39082372413986 -2.681019934745934
15.361706719419665 25.562925587345166 -2.3039546601458873
14.65211063503439 24.391462550926832 -1.9268893855458407
12.937666388713406 18.14138407206706 -1.7501480897185027
12.743215548582466 16.984455455345813 -1.7244819374974183
12.578519398257182 15.822917624931238 -1.698815785276334
14.250289754958034 14.621187955984126 0.45230296702174133
14.338658348253043 16.67816664194334 2.6034217193198166
12.569984122345224 15.624239791834277 -1.5286448355616946
14.42112106451725 14.722983810385372 0.6224739167363808
19.531672289311395 15.011833446595535 -0.5095535559875929
21.509058665350267 15.471668498132335 0.9665254893214293
21.238297488359 17.483680809178246 2.4426045346304517
18.782068312442163 16.696173286358754 -1.8220804351401159
20.555255948688675 14.82293131859674 0.196419902268903
21.4762700059236 17.232280394487997 2.2149202396779217
18.905673975730306 17.019522521127538 -2.049764730092646
20.2102663962905 14.794377923727343 -0.031264392683627185
25.545846256745932 16.93231676220656 0.7934747047561482
29.296151606026925 17.154649244489473 -0.6750456481496087
28.08668385696736 15.015953324312683 2.787282415222802
28.560218366145044 17.426886244079203 -0.03357482858437328
29.766942347873638 14.676740487599357 -2.281040067169699
26.86710574532216 15.458042048115985 1.7546800014245616
29.29213351088677 17.229686703853623 -0.4927852371607642
29.154868361886212 14.229579584293912 -2.74025047574609
26.90175129787169 16.21526534639465 1.2954695928481705
29.860817450036052 16.728502092037637 -0.9519956457371553
35.02058351155349 15.409605142991548 0.4514890103280161
36.475740499837016 15.897875313605173 0.19598985935497634
38.00705884753167 16.002535420977402 -0.05950929161806342
39.51511699610978 15.71679035878284 -0.31500844259110317
41.89637508338693 15.482379113579158 0.11876055565435945
44.15562193850061 16.270504965051938 0.5525295538998222
45.874391327995134 17.935188267015825 0.9862985521452848
45.194415751023136 22.083424312233955 2.4802426845266687
42.96055875513214 25.798181896324643 1.7441681477523943
39.430593351948474 27.228568244812564 -2.5141519043220795
37.71061612835694 26.700308862464464 3.110125205307414
36.027268031723494 27.335697570479486 2.451217007757321
33.35294039287959 26.38677955367275 -1.7692836449814762
35.45241850809624 24.477678884186933 0.29340100945931286
36.14361614722874 27.22989972310275 2.3560856639001018
33.39124493255156 26.539301128316115 -1.8644149888386956
35.299888599983554 24.43940754213691 0.19826966560209347
36.249388668631674 27.113528583178628 2.2609543200428823
33.44386398242811 26.687494596732446 -1.959546332695915
35.144413052095054 24.4157977454427 0.10313832174487399
36.34362907921083 26.987636512320105 2.165822976185663
33.51032170057595 26.830019823235535 -2.0546776765531347
32.948592973103665 26.21550760006596 -2.568022014158043
32.15748433295488 25.9560628946384 -3.0813663517629517
31.34093251121217 26.118566919515054 2.688474617811726
30.709433134941886 26.661128412308905 2.1751302802068175
30.42577790169523 27.443882616605652 1.661785942601909
30.56308915913347 28.265046457914547 1.1484416049970005
29.831692495577663 29.863835444415056 2.8512468448530712
29.833203564393937 32.67139526313055 0.2892693802593684
30.664760226331165 32.62523948264305 -0.40016613707362214
31.2770339043981 32.06067081433867 -1.0896016544066127
31.390344357825832 31.235578347260834 -1.7790371717396034
30.95293255134707 30.52685572899782 -2.468472689072594
30.16460364355916 30.258240071914113 3.125277100774002
29.385458070971648 30.552432211173258 2.4358415834410114
25.686630209794078 35.14603071334586 2.0615748200215998
27.4405920038097 36.37031822643486 -0.842792971654144
26.023466909692964 34.76812649096848 2.536024543849699
27.024378985034854 36.65848013698473 -0.3683432478260449
26.495743233245193 34.58584747983056 3.010474267677798
25.20324561916159 34.97197334147305 2.692102898374962
24.096565761123006 35.7432728651684 2.3737315290721264
23.286932794217055 36.82222500606253 2.0553601597692905
22.855720544842786 38.10038746030321 1.7369887904664547
22.846268886938166 39.44929588180699 1.4186174211636189
21.981589298403417 40.95642752531503 2.7647268291078677
20.319689435308405 40.44927328177895 -2.17234907012747
20.443822584112084 38.71615252918843 -0.8262396621832214
22.161036466685967 38.451024139182 0.5198697457610272
22.802097813192354 40.066003065269676 1.8659791537052757
21.370542355862213 41.05076981647534 -3.0710967455300624
17.797286658667197 44.17904525866313 1.632905343711078
15.69837707379584 45.80139541045791 -2.9489602372926234
14.743551939180639 44.87254245442536 -1.7910030224217528
15.2112808650591 43.625270028882355 -0.6330458075508822
16.541422472489565 43.55328283692676 0.5249114073199883
17.141029836552995 44.74279108010301 1.6828686221908589
14.3549254890819 45.293157638375185 -2.072926400755177
10.317678615715831 45.23801569044541 2.100241311706126
6.839738018463381 45.07667569661772 -2.0075287396310704
6.766567494205677 43.69110638443118 -1.2395838877719527
7.676430324534753 42.64358269759694 -0.4716390359128351
10.481364995764919 44.467105222629726 1.624547357308372
7.4969675392491 45.9791451462802 -2.5624515566500077
7.685684943151492 42.63889386072767 -0.4662651634288007
10.480779782962365 44.4774633442212 1.6299212297924064
7.4882999481802255 45.97344374101565 -2.5570776841659733
7.694964625228931 42.6342548244625 -0.4608912909447662
10.480138915653132 44.48781817140565 1.6352951022764408
7.264055125748723 46.12545561895415 -2.577259830513129
4.567081610903534 45.10646165632411 -2.9834288646227862
1.6869334317606963 45.23592710280726 2.893587408447143