-0.5 0 0 0 0 0
-0.595719 -0.00669895 0.139743 -0.192063 -0.283214 0.439922
-0.527881 -0.000331396 0.0474353 0.170402 -0.264507 0.351938
-0.510852 0.000280149 0.0243584 0.170402 -0.264507 0.0879845
-0.516381 0.000141301 0.0258537 -0.110621 -0.0540201 0.0439922
-0.505541 0.000500343 0.040366 0.216921 0.261477 0.0439922
-0.440714 0.00595229 0.127439 0.216921 0.261477 0.263953
-0.411035 0.00959513 0.11682 0.299021 -0.0709074 0.0879845
-0.306888 0.0198592 0.0796528 0.299021 -0.0709074 0.307946
-0.291981 0.0210092 0.0743432 0.299021 -0.0709074 0.0439922
-0.257553 0.0244638 0.125673 0.230699 0.28839 0.131977
-0.267873 0.0230969 0.137716 -0.208194 -0.227381 0.0439922
-0.224528 0.0287464 0.1215 0.218558 -0.0740576 0.175969
-0.203893 0.0312564 0.120577 0.138586 -0.00887755 0.131977
-0.183255 0.0337473 0.119655 0.138586 -0.00887755 0.131977
-0.194484 0.0324602 0.10859 -0.113026 0.19334 0.0879845
-0.175225 0.0343061 0.0825177 0.0773892 -0.263265 0.219961
-0.18944 0.0331365 0.0816714 -0.28526 0.0118676 0.0439922
-0.106775 0.0366561 0.00342974 0.206903 -0.186872 0.351938
-0.0964298 0.036641 -0.00635046 0.206903 -0.186872 0.0439922
-0.0835492 0.0366362 0.00560599 0.0515229 0.183559 0.219961
-0.073353 0.0366378 -0.00529304 0.203924 -0.210616 0.0439922
-0.0110436 0.0382017 0.0554807 0.249354 0.192564 0.219961
0.0386637 0.0421763 0.1041 0.249354 0.192564 0.175969
0.0335359 0.0416298 0.108252 -0.0515681 -0.15966 0.0879845
0.00129913 0.0384097 0.0908629 -0.129591 0.106937 0.219961
0.072101 0.0460768 0.124874 0.158265 0.0952226 0.39593
0.0867591 0.0480753 0.146145 0.295881 0.280005 0.0439922
0.115931 0.0530054 0.188687 0.295881 0.280005 0.0879845
0.126269 0.0549829 0.189333 0.0210501 0.0122785 0.439922
0.196505 0.0680446 0.178402 0.178602 -0.0305933 0.351938
0.214086 0.0711899 0.175669 0.178602 -0.0305933 0.0879845
0.247217 0.0773676 0.193022 0.16851 0.102616 0.175969
0.203847 0.0698513 0.150183 -0.220098 0.192231 0.175969
0.192958 0.0682631 0.139473 -0.220098 0.192231 0.0439922
0.19848 0.0690191 0.132644 0.0557381 -0.240304 0.0879845
0.206773 0.0700824 0.122401 0.0557381 -0.240304 0.131977
0.219638 0.0717388 0.133681 0.0864799 0.172187 0.131977
0.238952 0.0745891 0.159372 0.130153 0.257349 0.131977
0.295901 0.0854128 0.216267 0.231905 0.193808 0.219961
0.352142 0.0994574 0.273163 0.231905 0.193808 0.219961
0.31318 0.0882489 0.287066 -0.0810845 -0.0684788 0.439922
0.304979 0.0857787 0.298081 -0.0856477 -0.251754 0.0879845
0.342143 0.0978481 0.329966 0.260504 0.161771 0.131977
0.346064 0.0991866 0.327848 0.0828776 -0.101848 0.0439922
0.377539 0.109595 0.310908 0.0828776 -0.101848 0.351938
0.348128 0.100335 0.299158 -0.205561 0.0760647 0.131977
0.38964 0.112108 0.253553 0.123294 -0.208297 0.307946
0.355576 0.103781 0.225934 -0.100195 0.156235 0.307946
0.382288 0.109833 0.219626 0.136948 -0.0460262 0.175969
0.332458 0.100072 0.167253 -0.169276 0.20341 0.263953
0.397047 0.111751 0.190525 0.262552 0.0707914 0.219961
0.461347 0.12493 0.213797 0.262552 0.0707914 0.219961
0.465198 0.125771 0.216491 0.0788438 0.135858 0.0439922
0.492183 0.132153 0.247982 0.18487 0.22333 0.131977
0.510056 0.136879 0.268976 0.18487 0.22333 0.0879845
0.515305 0.138326 0.268955 0.0120989 -0.000750923 0.39593
0.50097 0.134248 0.285356 -0.149037 -0.216638 0.0879845
0.444357 0.115602 0.35096 -0.149037 -0.216638 0.351938
0.482589 0.130835 0.407321 0.102902 0.267304 0.351938
0.41839 0.101112 0.459867 -0.283018 -0.147453 0.219961
0.405742 0.0947647 0.470376 -0.283018 -0.147453 0.0439922
0.415343 0.0995703 0.457753 0.214733 -0.230943 0.0439922
0.404786 0.0944088 0.451707 -0.0470062 0.102549 0.219961
0.414701 0.0992433 0.45563 0.22062 0.0710103 0.0439922
0.444332 0.11398 0.467399 0.22062 0.0710103 0.131977
0.494058 0.140692 0.518529 0.282265 0.179197 0.175969
0.590134 0.190651 0.440491 0.240703 -0.143107 0.39593
0.600665 0.195675 0.449717 0.233368 0.156835 0.0439922
0.61115 0.200795 0.458943 0.233368 0.156835 0.0439922
0.654846 0.222027 0.445642 0.161937 -0.0547035 0.263953
0.697501 0.242896 0.464388 0.105528 0.0787889 0.39593
0.702216 0.245264 0.466471 0.105528 0.0787889 0.0439922
0.788762 0.296497 0.602532 0.251628 0.264048 0.351938
0.799066 0.303715 0.619539 0.251628 0.264048 0.0439922
0.794533 0.300508 0.612137 -0.111067 0.260527 0.0439922
0.79791 0.30288 0.612818 0.0165078 0.0330205 0.219961
0.808019 0.310055 0.621701 0.247931 0.142346 0.0439922
0.801821 0.305564 0.632553 -0.0765421 -0.276287 0.0879845
0.795673 0.301005 0.643404 -0.0765421 -0.276287 0.0879845
0.860067 0.346176 0.580028 0.174823 -0.159746 0.39593
0.891162 0.3661 0.559638 0.246208 -0.109975 0.131977
0.943869 0.397884 0.525655 0.246208 -0.109975 0.219961
0.998059 0.430094 0.546922 0.210137 0.0673677 0.263953
0.975024 0.416683 0.507525 -0.13328 0.287411 0.175969
0.946908 0.401194 0.499567 -0.214005 0.0495401 0.131977
0.928095 0.390992 0.494262 -0.214005 0.0495401 0.0879845
0.937398 0.395964 0.487406 0.210964 -0.129268 0.0439922
0.933162 0.393703 0.493171 -0.096033 -0.235679 0.0439922
0.903043 0.377303 0.504021 -0.171475 -0.0631893 0.175969
0.924054 0.388777 0.495634 0.0684003 -0.0699531 0.307946
0.901102 0.376925 0.45768 -0.258325 0.285799 0.0879845
0.805304 0.338465 0.305865 -0.258325 0.285799 0.351938
0.794152 0.335051 0.288361 -0.233258 0.291622 0.0439922
0.71042 0.315716 0.165497 -0.245684 0.278348 0.307946
0.686121 0.312095 0.130393 -0.245684 0.278348 0.0879845
0.673031 0.310491 0.113462 -0.263757 0.251333 0.0439922
0.607566 0.306051 0.021985 -0.164097 0.271828 0.351938
0.600732 0.305896 0.0233422 -0.136711 -0.0396884 0.0439922
0.587065 0.305558 0.0260566 -0.136711 -0.0396884 0.0879845
0.596094 0.305748 0.0159171 0.0903107 -0.220882 0.0879845
0.550671 0.305051 0.014745 -0.113571 0.00516014 0.351938
0.50748 0.305631 -0.0415681 -0.288002 0.25503 0.131977
0.450073 0.310182 -0.116652 -0.288002 0.25503 0.175969
0.424993 0.312994 -0.106692 -0.168251 -0.0787673 0.131977
0.410283 0.314422 -0.0868717 -0.295594 -0.262043 0.0439922
0.306924 0.316231 0.0518707 -0.295594 -0.262043 0.307946
0.302171 0.315987 0.0506445 -0.0118975 0.0514846 0.351938
0.234532 0.312274 0.0590408 -0.193547 -0.0247841 0.307946
0.206435 0.311038 0.0288702 -0.140624 0.211344 0.175969
0.178314 0.310651 -0.00130043 -0.140624 0.211344 0.175969
0.164988 0.31065 0.0014143 -0.26652 -0.0407209 0.0439922
0.106588 0.308553 0.0703642 -0.233798 -0.231693 0.219961
0.0949327 0.307651 0.0841542 -0.233798 -0.231693 0.0439922
0.188438 0.31466 0.0654872 0.267913 -0.0397937 0.307946
0.10624 0.311536 0.0105001 -0.274228 0.13289 0.263953
0.0313769 0.309228 0.0511277 -0.166453 -0.108057 0.39593
0.0274801 0.309017 0.0570726 -0.0390258 -0.295731 0.0879845
0.00250698 0.307773 0.0424847 -0.125021 0.116158 0.175969
-0.0287305 0.30673 0.0242499 -0.125021 0.116158 0.219961
-0.0406485 0.306398 0.0314325 -0.119226 -0.11991 0.0879845
-0.0100858 0.30675 -0.00843143 0.152834 -0.255148 0.175969
-0.00207658 0.306696 -0.00491667 0.160188 0.0875413 0.0439922
-0.0946443 0.308242 -0.0284722 -0.231457 0.0508415 0.351938
-0.117779 0.308969 -0.0343611 -0.231457 0.0508415 0.0879845
-0.180293 0.311471 -0.0456415 -0.156412 0.0360444 0.351938
-0.193862 0.312044 -0.0387611 -0.271627 -0.100978 0.0439922
-0.234589 0.313202 -0.0181196 -0.271627 -0.100978 0.131977
-0.244819 0.313329 -0.00661546 -0.0227344 -0.221218 0.39593
-0.207068 0.313132 -0.00381995 0.251673 0.0148092 0.131977
-0.299016 0.3128 0.0110477 -0.262712 -0.0323275 0.307946
-0.338419 0.312239 0.0174195 -0.262712 -0.0323275 0.131977
-0.311698 0.313118 0.0483655 0.267367 0.22748 0.0879845
-0.302937 0.313592 0.0596557 0.175478 0.251894 0.0439922
-0.276693 0.315606 0.0935265 0.175478 0.251894 0.131977
-0.296688 0.313568 0.109606 -0.20098 -0.158664 0.0879845
-0.27092 0.316098 0.0861154 0.103569 -0.179495 0.219961
-0.299753 0.313067 0.123317 -0.289936 -0.251201 0.0879845
-0.201187 0.333068 0.277077 0.223719 0.29646 0.39593
-0.190455 0.336219 0.294161 0.223719 0.29646 0.0439922
-0.169425 0.342722 0.305627 0.0733739 0.103802 0.263953
-0.102033 0.366627 0.376098 0.204347 0.19457 0.307946
-0.0203382 0.399186 0.382404 0.219859 0.0143405 0.351938
-0.0101408 0.403292 0.383193 0.219859 0.0143405 0.0439922
-0.0156658 0.401048 0.388245 -0.119262 -0.167846 0.0439922
-0.011599 0.402696 0.381791 0.0146268 -0.286083 0.263953
-0.00109457 0.406817 0.365918 0.05642 -0.274247 0.175969
0.0121258 0.411733 0.346077 0.05642 -0.274247 0.219961
0.0966377 0.441679 0.33499 0.199246 -0.0247247 0.39593
0.106048 0.444948 0.333758 0.199246 -0.0247247 0.0439922
0.102833 0.44384 0.329833 -0.0680242 0.226867 0.0439922
0.134728 0.455094 0.348533 0.225487 0.110129 0.131977
0.106983 0.4457 0.304366 -0.292941 0.292871 0.0879845
0.0646564 0.433929 0.238115 -0.292941 0.292871 0.131977
0.0757734 0.436646 0.241136 0.114441 0.0527462 0.0879845
0.076347 0.436787 0.241233 0.00236283 0.0329309 0.219961
0.0948705 0.441103 0.216681 0.190203 -0.252649 0.0879845
0.160419 0.452606 0.13075 0.190203 -0.252649 0.307946
0.198946 0.457466 0.120182 0.15533 -0.0543718 0.219961
0.229803 0.46106 0.111728 0.15533 -0.0543718 0.175969
0.296621 0.465472 0.0201622 0.191389 -0.266867 0.307946
0.324495 0.466043 0.0207871 0.11152 0.0044831 0.219961
0.323639 0.466026 0.0205343 -0.0171212 0.0589898 0.0439922
0.337963 0.466192 0.00275765 0.0954989 -0.243278 0.131977
0.395307 0.464406 -0.0650231 0.163953 -0.231985 0.307946
0.403485 0.463834 -0.0747061 0.163953 -0.231985 0.0439922
0.311494 0.468794 -0.0330147 -0.230329 -0.0902579 0.351938
0.299982 0.469144 -0.0278033 -0.230329 -0.0902579 0.0439922
0.201875 0.474871 -0.088824 -0.280828 0.123532 0.307946
0.15997 0.479156 -0.114976 -0.280828 0.123532 0.131977
0.112004 0.483155 -0.0513579 -0.240702 -0.258393 0.175969
0.0879504 0.484008 -0.019549 -0.240702 -0.258393 0.0879845
