3 -3 0 0 0 0
3.85282 -4.30143 -1.98141 -0.0967995 2.67456 1.42992
2.06026 -7.13018 -2.28984 0.533907 0.641752 5.71969
-0.391088 -9.99629 -2.26687 2.65363 2.62151 1.42992
-0.546466 -9.81441 0.539207 -1.06835 1.36333 2.85984
2.98511 -5.15055 1.30617 2.36479 1.82843 2.85984
3.2021 -2.17881 1.68965 2.36479 1.82843 1.42992
0.385433 2.94857 2.45661 2.36479 1.82843 2.85984
-2.23906 4.35938 2.84009 2.36479 1.82843 1.42992
-2.02899 3.85012 1.08397 -1.66774 0.788522 1.42992
-0.297005 6.59739 0.932627 2.16754 2.37922 1.42992
1.82936 9.05214 0.781288 2.16754 2.37922 1.42992
4.30151 11.1583 0.629949 2.16754 2.37922 1.42992
7.35761 13.2907 0.588504 2.57731 2.63528 1.42992
13.7216 17.1668 0.505613 2.57731 2.63528 2.85984
14.9088 18.5484 1.21625 1.79807 0.804116 1.42992
17.3769 23.9075 1.06218 1.34084 1.41268 4.28976
18.3793 25.6016 1.01082 1.34084 1.41268 1.42992
18.8704 25.3324 -2.01354 -1.52169 2.70842 1.42992
20.3184 25.3576 2.04839 -2.80885 0.297978 1.42992
15.6848 29.5942 2.75347 1.65874 1.33001 4.28976
13.6304 30.1642 2.98849 1.65874 1.33001 1.42992
12.9951 30.3775 2.64666 0.231952 0.710061 1.42992
9.99909 31.3307 3.02045 2.47294 1.95013 1.42992
9.70129 31.7119 1.44749 -0.724172 1.4759 1.42992
9.71871 33.9611 1.67862 1.73816 1.41487 1.42992
9.2204 36.1545 1.90976 1.73816 1.41487 1.42992
9.12376 38.5777 1.31155 1.30319 2.13989 1.42992
10.4086 40.6346 0.713343 1.30319 2.13989 1.42992
13.5368 42.6843 0.446765 2.43687 2.80972 1.42992
14.6484 42.8902 -0.0805805 0.431018 1.1686 1.42992
16.6334 40.5296 -1.66262 0.431018 1.1686 4.28976
16.1711 40.2225 2.83533 -0.803594 1.69338 1.42992
16.1453 39.5289 0.231807 -2.47626 1.16523 1.42992
18.5268 39.1873 -0.51673 1.199 2.24596 1.42992
24.7877 39.2562 0.538741 2.66347 1.92533 2.85984
25.1307 38.8279 -2.3297 -1.45051 2.56152 1.42992
23.5889 38.9286 2.19927 0.00580986 2.4594 1.42992
23.9692 40.4262 0.445051 0.00580986 2.4594 1.42992
24.0181 40.4314 -0.232779 -2.25377 2.61434 2.85984
24.7014 40.2798 -0.203941 0.254809 0.234642 2.85984
25.7337 40.0895 -0.160685 0.254809 0.234642 4.28976
29.5333 40.2795 0.260648 2.97498 2.38567 1.42992
32.9229 42.0069 0.68198 2.97498 2.38567 1.42992
34.0194 41.7281 -1.18008 -0.383926 2.2205 1.42992
35.4318 38.0842 -1.22199 2.70392 2.76254 1.42992
37.7925 30.635 -1.30581 2.70392 2.76254 2.85984
38.7367 26.8427 -1.34772 2.70392 2.76254 1.42992
39.5213 23.0142 -1.38963 2.70392 2.76254 1.42992
40.6059 15.2756 -1.47345 2.70392 2.76254 2.85984
40.6153 15.2574 -0.719611 -1.98711 1.87977 2.85984
43.8837 13.7886 -0.125093 2.95899 2.12745 1.42992
47.414 14.4024 0.469425 2.95899 2.12745 1.42992
48.0638 14.6293 0.202308 0.295951 0.669562 1.42992
48.0475 14.6235 0.482881 -2.01537 2.2806 5.71969
49.3918 19.2178 2.08941 2.43014 1.30663 2.85984
48.9128 20.8179 1.63389 0.859685 1.49682 1.42992
47.7421 23.6912 2.28153 2.6611 1.75526 1.42992
45.075 25.2764 2.92917 2.6611 1.75526 1.42992
45.2925 24.9667 1.43719 -1.33425 0.752548 1.42992
45.1437 24.6388 0.852862 -0.66412 0.153168 1.42992
44.8387 24.4472 0.268533 -0.66412 0.153168 1.42992
